44 2.4227484 0.1733962 0.0534071 7.17 0
67 2.4208888 0.1552280 0.1156558 8.36 0
142 2.4184250 0.1574127 0.0577270 10.20 1
182 2.4170679 0.1757800 0.0201435 9.19 0
265 2.4208334 0.2418249 0.4558322 11.88 0
477 2.4154477 0.1531538 0.0890335 10.30 0
622 2.4146221 0.2157979 0.1441901 10.32 0
865 2.4181742 0.2355110 0.2336756 11.63 0
932 2.4200736 0.0900909 0.1366900 10.01 0
1080 2.4184971 0.2455803 0.0870841 12.30 1
1296 2.4184180 0.1605435 0.0847368 11.71 1
1528 2.4151152 0.1778186 0.1402456 11.73 0
1589 2.4171192 0.0627676 0.0757938 11.96 0
1665 2.4142335 0.2302452 0.1648109 11.86 0
1883 2.4147820 0.2635088 0.3942757 12.76 0
1972 2.4184200 0.1674727 0.0619153 13.36 1
1998 2.4185118 0.0775554 0.1352643 12.35 2
2002 2.4185030 0.0935057 0.1498970 12.42 1
2501 2.4191960 0.2143020 0.0608379 11.98 0
2775 2.4215700 0.1682400 0.0491031 13.47 0
2798 2.4184976 0.0517155 0.1055509 13.06 2
2994 2.4184259 0.1964760 0.0461904 13.87 2
2998 2.4226733 0.1594311 0.0481146 13.91 0
3056 2.4197147 0.0783202 0.0941023 12.62 0
3114 2.4186295 0.1861490 0.0426011 13.70 1
3135 2.4186034 0.1378923 0.1177359 13.69 1
3153 2.4229154 0.1053056 0.1216630 12.95 0
3263 2.4144029 0.0854182 0.1198493 12.91 0
3331 2.4184470 0.1144531 0.0630796 13.40 1
3344 2.4161617 0.1055294 0.1486030 12.96 0
3574 2.4184461 0.1526432 0.0939586 13.50 1
3648 2.4150053 0.1249008 0.1446450 13.07 0
3665 2.4185590 0.1113609 0.2522131 13.03 2
3756 2.4184093 0.0345876 0.0715920 13.41 1
3782 2.4154701 0.1072871 0.1063418 12.62 0
3893 2.4225370 0.2401805 0.4190205 13.20 0
4039 2.4168281 0.0523247 0.1023450 12.85 0
4042 2.4225527 0.1466568 0.0461330 14.17 0
4214 2.4184347 0.1432070 0.0607017 12.84 2
4215 2.4171927 0.0962956 0.1159716 12.67 0
4371 2.4184018 0.2172871 0.0276067 13.16 1
4515 2.4142844 0.1577100 0.0428370 13.64 0
4634 2.4205936 0.0430973 0.0963631 13.33 0
4734 2.4159273 0.1640141 0.0235821 14.55 0
5040 2.4166282 0.2453665 0.4024535 12.86 0
5075 2.4141162 0.1810250 0.0387294 13.69 0
5076 2.4192523 0.2204755 0.1633376 13.25 0
5291 2.4211660 0.1903182 0.0455650 13.39 0
5307 2.4147600 0.1228140 0.1082559 13.58 0
5522 2.4146459 0.1819982 0.0387867 13.41 0
5599 2.4190915 0.1565813 0.1269450 12.88 1
6021 2.4159646 0.1146948 0.1092865 13.10 0
6032 2.4184470 0.2257581 0.1372697 13.48 1
6131 2.4229047 0.1250040 0.1031892 13.60 0
6361 2.4154547 0.1927543 0.0838959 13.26 0
6426 2.4228330 0.1865835 0.0396188 13.59 0
6504 2.4209106 0.1438318 0.1033469 14.10 0
6535 2.4207653 0.1699063 0.2253621 12.88 0
6578 2.4217918 0.1574110 0.0538605 14.43 0
6612 2.4218669 0.1650295 0.0501996 13.58 0
6616 2.4157828 0.1074405 0.1105505 13.91 0
6769 2.4158951 0.1484365 0.0552299 13.65 0
6985 2.4151338 0.0944860 0.1033813 13.57 0
7005 2.4184818 0.0780624 0.1095054 14.11 2
7072 2.4184675 0.1681668 0.0149798 13.96 0
7134 2.4213856 0.1907059 0.2138921 13.03 0
7144 2.4152402 0.1091602 0.1024914 13.68 0
7150 2.4179756 0.1472557 0.0479789 14.26 0
7172 2.4218947 0.1808939 0.0419543 13.88 0
7195 2.4214807 0.1918674 0.1402705 13.46 0
7220 2.4184257 0.1806076 0.0305799 14.09 2
7281 2.4154926 0.1729554 0.0460069 13.93 0
7324 2.4183406 0.2348212 0.1893471 14.59 1
7407 2.4184537 0.1787237 0.0412924 14.26 1
7559 2.4150114 0.2027452 0.1292653 13.05 0
7594 2.4184451 0.2003043 0.0519201 13.61 1
7655 2.4193469 0.1635548 0.0543300 14.01 0
7675 2.4145470 0.1308592 0.0756505 14.31 0
7697 2.4185170 0.1816317 0.0617231 14.27 1
7825 2.4213741 0.2287748 0.3533327 13.26 0
7850 2.4184527 0.1216594 0.1266529 14.72 1
7852 2.4184459 0.0926065 0.0542207 13.48 1
8039 2.4179219 0.1711624 0.0486117 15.48 0
8078 2.4222422 0.1796413 0.0719134 14.12 0
8120 2.4217941 0.1490696 0.0301000 14.47 0
8262 2.4184097 0.1774660 0.0227243 14.61 1
8305 2.4142908 0.0828292 0.0859290 13.74 0
8491 2.4150019 0.1679325 0.0448857 14.20 0
8617 2.4226451 0.1772867 0.0860605 13.95 0
8667 2.4158611 0.1006173 0.1057407 13.91 0
8668 2.4220020 0.1141417 0.1785530 13.96 0
8729 2.4155567 0.0516863 0.0591468 14.86 0
8748 2.4184596 0.0855659 0.1034126 13.45 2
8768 2.4228765 0.1390561 0.0898217 13.60 0
8857 2.4207708 0.1514146 0.0463252 14.81 0
8923 2.4184372 0.1841448 0.0370726 14.25 1
9048 2.4184173 0.1059691 0.0845722 13.60 1
9100 2.4141392 0.1952455 0.1264012 13.55 0
9117 2.4217222 0.2025642 0.1608554 13.04 0
