 478576 2.4184050 0.2013146 0.0247352 18.20
 478587 2.4184681 0.0710021 0.0882162 17.45
 478604 2.4184169 0.1783383 0.0312376 17.79
 478616 2.4145597 0.0975208 0.1093978 16.94
 478625 2.4186146 0.1065735 0.1294457 18.09
 479504 2.4185613 0.1155367 0.0932304 16.95
 479566 2.4213060 0.1184491 0.1159134 17.83
 479573 2.4186288 0.2022860 0.0145533 18.36
 479747 2.4195944 0.1897096 0.0669064 17.58
 479824 2.4218061 0.1550812 0.1035341 17.24
 480039 2.4184153 0.1714861 0.0598383 17.81
 480089 2.4184196 0.1689827 0.0562886 17.01
 480137 2.4184128 0.1887526 0.0518278 17.71
 480178 2.4163010 0.1100144 0.1013651 17.89
 480266 2.4184443 0.1362604 0.1033708 18.03
 480307 2.4184862 0.1391441 0.1809100 16.88
 480331 2.4183538 0.1601828 0.2759695 17.15
 480337 2.4212079 0.1717176 0.1225918 18.06
 480412 2.4220182 0.1075628 0.1088386 17.01
 480599 2.4160594 0.0764968 0.0722476 16.67
 480865 2.4184149 0.2178046 0.0822012 18.09
 480879 2.4162129 0.1520009 0.0298006 17.73
 481277 2.4209712 0.1574172 0.0468509 18.20
 481291 2.4184172 0.1603258 0.1250414 17.84
 481341 2.4149986 0.1467517 0.0255884 18.12
 481369 2.4184086 0.2123895 0.0319046 17.70
 481774 2.4156963 0.1635277 0.0808332 17.12
 481780 2.4184170 0.1928584 0.0509538 17.70
 481781 2.4229679 0.1305975 0.1119016 17.66
 481797 2.4181495 0.1927133 0.0162538 17.92
 482083 2.4184224 0.1563891 0.0886835 17.85
 482490 2.4179905 0.1741370 0.0578600 18.19
 482500 2.4184248 0.1550869 0.0305084 17.99
 482510 2.4184103 0.1922740 0.0266826 17.77
 482516 2.4182032 0.1586701 0.0343718 17.98
 482517 2.4165375 0.1459740 0.0374561 17.92
 482523 2.4206869 0.1088329 0.2804715 17.49
 482532 2.4184015 0.2201439 0.0208920 18.37
 482550 2.4184177 0.1912986 0.0783113 18.11
 482551 2.4184998 0.2070115 0.0579979 17.82
 482857 2.4155281 0.1527873 0.0804192 17.88
 482914 2.4159584 0.1541357 0.0846337 18.25
 482976 2.4158672 0.1291476 0.0828964 17.65
 483031 2.4184411 0.1121000 0.0830001 17.72
 483079 2.4185157 0.1963000 0.0969465 17.60
 483120 2.4158424 0.0900263 0.0860202 17.12
 483602 2.4184469 0.1782021 0.0474008 17.43
 483606 2.4184623 0.2116871 0.0568035 17.56
 483624 2.4207943 0.1617794 0.0250596 18.10
 483625 2.4184288 0.1467575 0.0428227 17.94
