       0.0000     1.52362     0.09350     1.66652   356.27960   339.87060   161.95600
     100.0000     1.52372     0.09340     1.66933   355.85750   340.74550   221.79460
     200.0000     1.52361     0.09370     1.67210   355.43150   341.68230   281.58230
     300.0000     1.52380     0.09380     1.67467   355.00950   342.43380   341.56010
     400.0000     1.52362     0.09380     1.67741   354.58910   343.26200    41.44190
     500.0000     1.52372     0.09380     1.68007   354.17000   344.26310   101.15390
     600.0000     1.52359     0.09400     1.68285   353.74890   345.01520   161.11900
     700.0000     1.52372     0.09400     1.68579   353.32760   345.93510   220.91720
     800.0000     1.52367     0.09400     1.68852   352.90330   346.82390   280.74510
     900.0000     1.52371     0.09440     1.69128   352.47360   347.68420   340.61820
    1000.0000     1.52363     0.09430     1.69394   352.05050   348.48130    40.53470
    1100.0000     1.52373     0.09430     1.69650   351.62820   349.35670   100.39480
    1200.0000     1.52364     0.09450     1.69925   351.20520   350.27700   160.18930
    1300.0000     1.52365     0.09460     1.70200   350.78020   351.06690   220.13270
    1400.0000     1.52371     0.09460     1.70475   350.35530   352.00110   279.92190
    1500.0000     1.52365     0.09470     1.70754   349.92890   352.90430   339.76210
    1600.0000     1.52371     0.09500     1.71036   349.50080   353.72060    39.66530
    1700.0000     1.52366     0.09480     1.71292   349.07230   354.54770    99.58530
    1800.0000     1.52376     0.09500     1.71553   348.64060   355.44510   159.40740
    1900.0000     1.52360     0.09510     1.71819   348.22080   356.33020   219.25440
    2000.0000     1.52372     0.09510     1.72073   347.79330   357.09990   279.21350
    2100.0000     1.52366     0.09530     1.72356   347.36430   358.10110   338.93750
    2200.0000     1.52377     0.09540     1.72629   346.93660   358.93300    38.82170
    2300.0000     1.52359     0.09550     1.72902   346.50450   359.72540    98.76890
    2400.0000     1.52375     0.09550     1.73153   346.07240     0.63710   158.57890
    2500.0000     1.52358     0.09570     1.73428   345.64010     1.53060   218.40400
    2600.0000     1.52376     0.09570     1.73667   345.21560     2.33160   278.33890
    2700.0000     1.52367     0.09570     1.73930   344.78370     3.18130   338.21330
    2800.0000     1.52370     0.09590     1.74198   344.35330     4.17420    37.94160
    2900.0000     1.52359     0.09600     1.74462   343.92250     4.91730    97.93460
    3000.0000     1.52372     0.09610     1.74736   343.48730     5.79560   157.80110
    3100.0000     1.52365     0.09610     1.74993   343.05130     6.74970   217.57180
    3200.0000     1.52368     0.09630     1.75251   342.61610     7.53520   277.53780
    3300.0000     1.52366     0.09620     1.75493   342.17990     8.41440   337.39420
    3400.0000     1.52368     0.09630     1.75740   341.75270     9.30700    37.23960
    3500.0000     1.52366     0.09650     1.76003   341.31870    10.21730    97.06440
    3600.0000     1.52366     0.09660     1.76265   340.88190    10.98130   157.04990
    3700.0000     1.52375     0.09660     1.76528   340.44200    11.93050   216.82820
    3800.0000     1.52361     0.09670     1.76773   340.00350    12.82460   276.68680
    3900.0000     1.52372     0.09690     1.77027   339.56180    13.58320   336.66330
    4000.0000     1.52367     0.09680     1.77265   339.12410    14.55020    36.43150
    4100.0000     1.52374     0.09690     1.77508   338.68570    15.42050    96.29370
    4200.0000     1.52363     0.09720     1.77767   338.25140    16.27250   156.17690
    4300.0000     1.52373     0.09700     1.78007   337.81190    17.10950   216.07570
    4400.0000     1.52363     0.09730     1.78260   337.36970    18.06580   275.85200
    4500.0000     1.52378     0.09740     1.78508   336.92540    18.85850   335.80660
    4600.0000     1.52362     0.09740     1.78758   336.47920    19.67770    35.73060
    4700.0000     1.52371     0.09740     1.78980   336.03620    20.66920    95.48470
    4800.0000     1.52362     0.09770     1.79235   335.59060    21.49020   155.40330
    4900.0000     1.52369     0.09760     1.79462   335.15540    22.36870   215.27820
    5000.0000     1.52371     0.09760     1.79702   334.71200    23.24750   275.14220
    5100.0000     1.52369     0.09790     1.79957   334.26380    24.15470   334.98680
    5200.0000     1.52363     0.09790     1.80197   333.81440    24.93890    34.96110
    5300.0000     1.52367     0.09790     1.80429   333.36620    25.81620    94.85190
    5400.0000     1.52368     0.09810     1.80661   332.91580    26.79460   154.61620
    5500.0000     1.52363     0.09820     1.80897   332.46580    27.58370   214.58740
    5600.0000     1.52375     0.09810     1.81114   332.01820    28.50650   274.41350
    5700.0000     1.52364     0.09820     1.81360   331.57340    29.42030   334.24160
    5800.0000     1.52370     0.09850     1.81598   331.12180    30.28580    34.12740
    5900.0000     1.52362     0.09840     1.81832   330.66990    31.08410    94.09010
    6000.0000     1.52380     0.09850     1.82071   330.21330    32.03200   153.88210
    6100.0000     1.52360     0.09860     1.82286   329.75730    32.93380   213.73740
    6200.0000     1.52372     0.09860     1.82503   329.30080    33.70750   273.72340
    6300.0000     1.52368     0.09870     1.82726   328.84680    34.71850   333.44650
    6400.0000     1.52376     0.09890     1.82952   328.39550    35.59960    33.32390
    6500.0000     1.52359     0.09900     1.83192   327.94230    36.39210    93.28920
    6600.0000     1.52376     0.09890     1.83422   327.48170    37.32520   153.11740
    6700.0000     1.52362     0.09910     1.83651   327.02020    38.22180   212.97610
    6800.0000     1.52373     0.09920     1.83851   326.55960    39.06220   272.92370
    6900.0000     1.52373     0.09920     1.84081   326.09840    39.90150   332.83640
    7000.0000     1.52368     0.09930     1.84290   325.63700    40.92120    32.59180
    7100.0000     1.52361     0.09940     1.84512   325.17620    41.71370    92.56550
    7200.0000     1.52367     0.09950     1.84743   324.72090    42.60650   152.44710
    7300.0000     1.52371     0.09940     1.84966   324.25410    43.54140   212.27200
    7400.0000     1.52365     0.09970     1.85192   323.78910    44.39100   272.20220
    7500.0000     1.52374     0.09960     1.85411   323.31920    45.25050   332.10290
    7600.0000     1.52364     0.09960     1.85617   322.85170    46.15690    31.97640
    7700.0000     1.52366     0.09980     1.85819   322.38570    47.12460    91.76880
    7800.0000     1.52362     0.09990     1.86041   321.91900    47.93090   151.72940
    7900.0000     1.52379     0.09990     1.86255   321.45280    48.85960   211.55800
    8000.0000     1.52360     0.10000     1.86488   320.98300    49.79510   271.39360
    8100.0000     1.52374     0.10020     1.86709   320.51180    50.60430   331.34400
    8200.0000     1.52363     0.10000     1.86923   320.03450    51.53730    31.19360
    8300.0000     1.52375     0.10020     1.87128   319.56140    52.44500    91.06090
    8400.0000     1.52363     0.10040     1.87334   319.08840    53.37910   150.89540
    8500.0000     1.52372     0.10030     1.87542   318.61420    54.18900   210.87420
    8600.0000     1.52365     0.10050     1.87752   318.13800    55.18580   270.64870
    8700.0000     1.52376     0.10060     1.87979   317.66860    56.04670   330.57080
    8800.0000     1.52362     0.10070     1.88205   317.19020    56.85250    30.55120
    8900.0000     1.52371     0.10060     1.88413   316.70740    57.84170    90.35980
    9000.0000     1.52366     0.10080     1.88637   316.22550    58.74060   150.23360
    9100.0000     1.52367     0.10080     1.88820   315.74660    59.62930   210.15410
    9200.0000     1.52374     0.10080     1.89027   315.26610    60.50160   270.06170
    9300.0000     1.52368     0.10110     1.89244   314.78680    61.49400   329.84460
    9400.0000     1.52366     0.10100     1.89467   314.30540    62.28430    29.84020
    9500.0000     1.52363     0.10110     1.89693   313.82620    63.15510    89.76320
    9600.0000     1.52369     0.10110     1.89908   313.33380    64.19450   149.49540
    9700.0000     1.52362     0.10130     1.90126   312.85030    65.01030   209.46800
    9800.0000     1.52377     0.10120     1.90322   312.35950    65.93400   269.33500
    9900.0000     1.52365     0.10120     1.90531   311.87530    66.89600   329.14320
   10000.0000     1.52370     0.10150     1.90742   311.38860    67.80850    29.02090
   10100.0000     1.52358     0.10140     1.90964   310.90260    68.59980    89.02460
   10200.0000     1.52379     0.10150     1.91185   310.41450    69.58500   148.81930
   10300.0000     1.52362     0.10160     1.91415   309.92110    70.52250   208.68040
   10400.0000     1.52369     0.10170     1.91634   309.42870    71.33530   268.67600
   10500.0000     1.52367     0.10170     1.91840   308.92930    72.37170   328.42890
   10600.0000     1.52371     0.10180     1.92040   308.44000    73.28750    28.32540
   10700.0000     1.52361     0.10200     1.92254   307.94930    74.12390    88.28850
   10800.0000     1.52373     0.10180     1.92477   307.45580    75.04750   148.16950
   10900.0000     1.52367     0.10200     1.92699   306.95810    75.99200   208.02060
   11000.0000     1.52367     0.10210     1.92935   306.46390    76.87600   267.96080
   11100.0000     1.52372     0.10210     1.93160   305.96500    77.73560   327.88890
   11200.0000     1.52365     0.10210     1.93373   305.46260    78.77090    27.66650
   11300.0000     1.52368     0.10230     1.93597   304.96580    79.62270    87.60630
   11400.0000     1.52362     0.10240     1.93801   304.46860    80.54290   147.49340
   11500.0000     1.52375     0.10230     1.94018   303.97020    81.47080   207.35420
   11600.0000     1.52363     0.10250     1.94250   303.47020    82.39130   267.23610
   11700.0000     1.52376     0.10250     1.94490   302.96830    83.25820   327.16000
   11800.0000     1.52362     0.10240     1.94730   302.46810    84.15030    27.07580
   11900.0000     1.52369     0.10260     1.94953   301.95860    85.18930    86.84070
   12000.0000     1.52358     0.10270     1.95184   301.45400    86.03500   146.79780
   12100.0000     1.52380     0.10270     1.95380   300.95130    86.97390   206.67100
   12200.0000     1.52362     0.10270     1.95622   300.45170    87.94180   266.50470
   12300.0000     1.52371     0.10300     1.95854   299.94540    88.81490   326.44200
   12400.0000     1.52361     0.10280     1.96101   299.43940    89.71680    26.36250
   12500.0000     1.52373     0.10280     1.96342   298.93490    90.64010    86.26100
   12600.0000     1.52364     0.10300     1.96581   298.41940    91.65000   146.06490
   12700.0000     1.52369     0.10300     1.96814   297.91230    92.47410   206.07300
   12800.0000     1.52369     0.10310     1.97043   297.40040    93.48410   265.87290
   12900.0000     1.52367     0.10320     1.97275   296.89750    94.43640   325.73710
   13000.0000     1.52363     0.10330     1.97506   296.38960    95.24960    25.73820
   13100.0000     1.52371     0.10320     1.97759   295.88320    96.20180    85.60500
   13200.0000     1.52372     0.10330     1.98008   295.36810    97.16890   145.43320
   13300.0000     1.52363     0.10340     1.98260   294.85370    98.08730   205.35140
   13400.0000     1.52376     0.10330     1.98505   294.34200    98.94860   265.29460
   13500.0000     1.52363     0.10350     1.98745   293.82380   100.02290   325.02680
   13600.0000     1.52372     0.10360     1.98980   293.31690   100.84590    25.01090
   13700.0000     1.52363     0.10360     1.99226   292.81220   101.70870    84.96380
   13800.0000     1.52371     0.10350     1.99487   292.29580   102.74770   144.72460
   13900.0000     1.52363     0.10370     1.99737   291.78130   103.62870   204.66420
   14000.0000     1.52377     0.10370     2.00003   291.26660   104.53770   264.58360
   14100.0000     1.52364     0.10360     2.00261   290.74900   105.50940   324.42470
   14200.0000     1.52369     0.10390     2.00507   290.23070   106.50110    24.26530
   14300.0000     1.52358     0.10390     2.00765   289.71950   107.29320    84.30180
   14400.0000     1.52375     0.10390     2.01003   289.20590   108.28410   144.13360
   14500.0000     1.52365     0.10390     2.01276   288.69250   109.26280   203.97520
   14600.0000     1.52367     0.10400     2.01536   288.18040   110.09140   263.97910
   14700.0000     1.52367     0.10390     2.01820   287.65690   111.11580   323.77540
   14800.0000     1.52364     0.10390     2.02081   287.14020   112.05800    23.67140
   14900.0000     1.52366     0.10420     2.02336   286.61920   112.97290    83.58010
   15000.0000     1.52370     0.10410     2.02596   286.10180   113.87110   143.50590
   15100.0000     1.52373     0.10420     2.02854   285.58230   114.85080   203.33650
   15200.0000     1.52364     0.10430     2.03134   285.07690   115.76330   263.24220
   15300.0000     1.52369     0.10430     2.03401   284.55660   116.63000   323.18550
   15400.0000     1.52363     0.10420     2.03685   284.03680   117.65680    22.97940
   15500.0000     1.52378     0.10440     2.03952   283.51970   118.57690    82.86890
   15600.0000     1.52360     0.10450     2.04228   282.99480   119.49490   142.78070
   15700.0000     1.52377     0.10430     2.04490   282.47570   120.42410   202.67070
   15800.0000     1.52364     0.10460     2.04765   281.95670   121.38900   262.52300
   15900.0000     1.52374     0.10450     2.05033   281.44330   122.26770   322.46620
   16000.0000     1.52362     0.10450     2.05311   280.92960   123.14750    22.41010
   16100.0000     1.52373     0.10450     2.05605   280.41060   124.20270    82.18190
   16200.0000     1.52359     0.10470     2.05890   279.88790   125.07940   142.13070
   16300.0000     1.52376     0.10460     2.06167   279.36490   126.02620   202.03530
   16400.0000     1.52368     0.10460     2.06438   278.84700   126.98440   261.89580
   16500.0000     1.52367     0.10480     2.06716   278.32380   127.92930   321.78630
   16600.0000     1.52361     0.10470     2.06996   277.80910   128.78770    21.75680
   16700.0000     1.52370     0.10470     2.07270   277.29710   129.72030    81.65320
   16800.0000     1.52367     0.10480     2.07580   276.77430   130.76050   141.42620
   16900.0000     1.52364     0.10490     2.07863   276.25640   131.59830   201.42170
   17000.0000     1.52375     0.10480     2.08153   275.73320   132.59060   261.24320
   17100.0000     1.52360     0.10480     2.08434   275.21260   133.58750   321.06940
   17200.0000     1.52365     0.10510     2.08712   274.68960   134.44400    21.03630
   17300.0000     1.52370     0.10490     2.08981   274.17370   135.35850    80.94260
   17400.0000     1.52378     0.10500     2.09263   273.65340   136.33660   140.76850
   17500.0000     1.52360     0.10510     2.09579   273.14140   137.28530   200.64210
   17600.0000     1.52376     0.10500     2.09858   272.62440   138.11200   260.63380
   17700.0000     1.52359     0.10500     2.10170   272.09650   139.21770   320.34930
   17800.0000     1.52375     0.10520     2.10443   271.57770   140.09940    20.29830
   17900.0000     1.52366     0.10530     2.10718   271.05630   140.96300    80.27040
   18000.0000     1.52374     0.10510     2.10993   270.53800   141.95880   140.09470
   18100.0000     1.52364     0.10520     2.11288   270.01850   142.88380   199.99590
   18200.0000     1.52373     0.10520     2.11580   269.50950   143.77790   259.93760
   18300.0000     1.52366     0.10510     2.11871   268.98870   144.71120   319.82640
   18400.0000     1.52368     0.10530     2.12178   268.46790   145.75120    19.62370
   18500.0000     1.52363     0.10540     2.12463   267.94650   146.59400    79.60990
   18600.0000     1.52371     0.10530     2.12736   267.42490   147.53940   139.50240
   18700.0000     1.52370     0.10530     2.13018   266.90730   148.53360   199.32040
   18800.0000     1.52365     0.10550     2.13295   266.38850   149.40500   259.27480
   18900.0000     1.52370     0.10530     2.13584   265.87340   150.34890   319.14350
   19000.0000     1.52360     0.10520     2.13885   265.36190   151.29540    19.01750
   19100.0000     1.52372     0.10550     2.14191   264.83680   152.30330    78.82790
   19200.0000     1.52364     0.10540     2.14471   264.31730   153.14140   138.81240
   19300.0000     1.52377     0.10540     2.14754   263.79390   154.14020   198.62900
   19400.0000     1.52364     0.10550     2.15018   263.27910   155.09050   258.49220
   19500.0000     1.52367     0.10560     2.15297   262.75770   155.95780   318.45260
   19600.0000     1.52362     0.10540     2.15579   262.24540   156.93760    18.28940
   19700.0000     1.52382     0.10550     2.15862   261.72790   157.91190    78.13990
   19800.0000     1.52360     0.10560     2.16169   261.20830   158.82200   138.05470
   19900.0000     1.52374     0.10550     2.16441   260.69220   159.71690   197.99360
   20000.0000     1.52366     0.10570     2.16732   260.16690   160.73580   257.79410
   20100.0000     1.52367     0.10570     2.16985   259.64860   161.64250   317.73350
   20200.0000     1.52365     0.10560     2.17253   259.13090   162.48710    17.71610
   20300.0000     1.52374     0.10560     2.17521   258.61440   163.55520    77.47720
   20400.0000     1.52364     0.10570     2.17799   258.09440   164.44080   137.40710
   20500.0000     1.52369     0.10570     2.18099   257.58570   165.37060   197.31730
   20600.0000     1.52373     0.10560     2.18367   257.06270   166.31980   257.17820
   20700.0000     1.52364     0.10580     2.18650   256.53960   167.30380   317.02630
   20800.0000     1.52366     0.10570     2.18905   256.02100   168.15100    16.99910
   20900.0000     1.52367     0.10570     2.19157   255.50200   169.09530    76.88310
   21000.0000     1.52372     0.10570     2.19416   254.98460   170.13000   136.65050
   21100.0000     1.52360     0.10580     2.19689   254.46730   170.98590   196.61980
   21200.0000     1.52381     0.10570     2.19959   253.95100   171.95180   256.46240
   21300.0000     1.52360     0.10560     2.20234   253.43160   172.94690   316.28840
   21400.0000     1.52367     0.10590     2.20507   252.91150   173.85560    16.20640
   21500.0000     1.52366     0.10580     2.20761   252.38830   174.75660    76.13610
   21600.0000     1.52379     0.10570     2.21001   251.86410   175.72660   135.99280
   21700.0000     1.52361     0.10580     2.21246   251.35150   176.70090   195.83890
   21800.0000     1.52373     0.10580     2.21495   250.83000   177.55440   255.82070
   21900.0000     1.52359     0.10570     2.21758   250.31050   178.61600   315.58030
   22000.0000     1.52372     0.10580     2.22020   249.79580   179.53770    15.49710
   22100.0000     1.52365     0.10600     2.22290   249.26960   180.44380    75.42360
   22200.0000     1.52372     0.10580     2.22523   248.74510   181.37840   135.32880
   22300.0000     1.52368     0.10590     2.22770   248.22350   182.34840   195.17930
   22400.0000     1.52365     0.10590     2.22987   247.70680   183.29650   255.06990
   22500.0000     1.52368     0.10580     2.23221   247.18210   184.16420   315.02560
   22600.0000     1.52367     0.10580     2.23464   246.66580   185.22770    14.78640
   22700.0000     1.52369     0.10590     2.23709   246.13980   186.13430    74.69500
   22800.0000     1.52366     0.10600     2.23973   245.62030   187.04230   134.62390
   22900.0000     1.52373     0.10580     2.24202   245.09550   188.02190   194.45940
   23000.0000     1.52362     0.10600     2.24447   244.56840   188.98260   254.32290
   23100.0000     1.52376     0.10590     2.24646   244.04250   189.86610   314.26940
   23200.0000     1.52360     0.10580     2.24863   243.52490   190.80500    14.15570
   23300.0000     1.52373     0.10590     2.25091   243.00130   191.89400    73.88080
   23400.0000     1.52361     0.10590     2.25331   242.47580   192.72020   133.89140
   23500.0000     1.52377     0.10590     2.25569   241.95520   193.69410   193.74930
   23600.0000     1.52366     0.10590     2.25800   241.42330   194.71320   253.55790
   23700.0000     1.52365     0.10600     2.26028   240.89420   195.58910   313.53150
   23800.0000     1.52363     0.10580     2.26223   240.36700   196.53220    13.42750
   23900.0000     1.52377     0.10580     2.26422   239.84080   197.54180    73.25640
   24000.0000     1.52363     0.10600     2.26646   239.31730   198.50540   133.12290
   24100.0000     1.52369     0.10590     2.26850   238.79110   199.38100   193.09690
   24200.0000     1.52368     0.10590     2.27076   238.26060   200.44250   252.85550
   24300.0000     1.52360     0.10590     2.27304   237.73020   201.39010   312.76140
   24400.0000     1.52369     0.10600     2.27518   237.19910   202.23340    12.75560
   24500.0000     1.52369     0.10580     2.27709   236.66190   203.27480    72.55430
   24600.0000     1.52373     0.10590     2.27913   236.13030   204.23760   132.41370
   24700.0000     1.52362     0.10600     2.28097   235.61110   205.16960   192.32440
   24800.0000     1.52372     0.10580     2.28291   235.07540   206.12370   252.19180
   24900.0000     1.52362     0.10600     2.28514   234.54500   207.15690   311.99120
   25000.0000     1.52374     0.10600     2.28720   234.01120   208.02770    11.95830
   25100.0000     1.52363     0.10590     2.28932   233.47290   208.96580    71.86220
   25200.0000     1.52375     0.10580     2.29118   232.93430   210.01920   131.64400
   25300.0000     1.52359     0.10600     2.29320   232.40170   210.91690   191.58900
   25400.0000     1.52377     0.10590     2.29481   231.86670   211.90080   251.44770
   25500.0000     1.52364     0.10580     2.29685   231.33250   212.87230   311.31700
   25600.0000     1.52369     0.10600     2.29880   230.79950   213.87270    11.16440
   25700.0000     1.52362     0.10590     2.30082   230.25700   214.76670    71.11840
   25800.0000     1.52375     0.10590     2.30296   229.72140   215.73830   131.00540
   25900.0000     1.52365     0.10580     2.30474   229.17610   216.77070   190.82040
   26000.0000     1.52366     0.10590     2.30668   228.63330   217.67550   250.77400
   26100.0000     1.52364     0.10570     2.30837   228.08970   218.70620   310.59060
   26200.0000     1.52369     0.10580     2.31013   227.55760   219.67070    10.48010
   26300.0000     1.52366     0.10590     2.31210   227.01590   220.64720    70.34040
   26400.0000     1.52368     0.10580     2.31405   226.47350   221.56180   130.28520
   26500.0000     1.52374     0.10580     2.31599   225.93000   222.56870   190.11660
   26600.0000     1.52357     0.10590     2.31787   225.37760   223.60660   249.93770
   26700.0000     1.52370     0.10580     2.31973   224.83290   224.45550   309.93790
   26800.0000     1.52367     0.10570     2.32140   224.28490   225.53730     9.70940
   26900.0000     1.52375     0.10580     2.32317   223.73670   226.52270    69.55940
   27000.0000     1.52363     0.10590     2.32507   223.20100   227.44390   129.49200
   27100.0000     1.52373     0.10570     2.32686   222.65220   228.40910   189.38000
   27200.0000     1.52360     0.10580     2.32889   222.10010   229.46240   249.17090
   27300.0000     1.52374     0.10580     2.33085   221.54950   230.36260   309.14450
   27400.0000     1.52365     0.10570     2.33273   220.99780   231.29590     9.07350
   27500.0000     1.52374     0.10570     2.33435   220.43870   232.44330    68.78180
   27600.0000     1.52361     0.10570     2.33632   219.89100   233.32720   128.76110
   27700.0000     1.52372     0.10570     2.33790   219.34790   234.29680   188.66230
   27800.0000     1.52368     0.10560     2.33992   218.79020   235.34220   248.46830
   27900.0000     1.52364     0.10580     2.34197   218.24050   236.29940   308.38190
   28000.0000     1.52369     0.10560     2.34392   217.68140   237.21710     8.33570
   28100.0000     1.52369     0.10550     2.34584   217.12350   238.24590    68.17350
   28200.0000     1.52367     0.10560     2.34763   216.56310   239.31690   127.96390
   28300.0000     1.52364     0.10560     2.34955   216.00910   240.19810   187.95500
   28400.0000     1.52373     0.10550     2.35123   215.44570   241.28940   247.71740
   28500.0000     1.52359     0.10550     2.35328   214.89680   242.28750   307.57840
   28600.0000     1.52373     0.10570     2.35527   214.34230   243.19040     7.54140
   28700.0000     1.52364     0.10540     2.35737   213.77540   244.19040    67.40290
   28800.0000     1.52379     0.10540     2.35938   213.21730   245.22720   127.22490
   28900.0000     1.52358     0.10550     2.36129   212.65160   246.22920   187.09990
   29000.0000     1.52369     0.10540     2.36324   212.08540   247.18130   247.01450
   29100.0000     1.52363     0.10540     2.36507   211.52410   248.27950   306.77830
   29200.0000     1.52376     0.10550     2.36705   210.96940   249.22180     6.70970
   29300.0000     1.52364     0.10550     2.36924   210.40880   250.15020    66.64220
   29400.0000     1.52375     0.10520     2.37136   209.84320   251.20550   126.46680
   29500.0000     1.52361     0.10540     2.37354   209.27890   252.17660   186.36570
   29600.0000     1.52368     0.10530     2.37560   208.70620   253.20260   246.23440
   29700.0000     1.52368     0.10520     2.37771   208.14240   254.16420   306.14290
   29800.0000     1.52371     0.10530     2.37966   207.57490   255.25950     5.93160
   29900.0000     1.52368     0.10530     2.38189   207.00710   256.20050    65.85520
   30000.0000     1.52366     0.10520     2.38399   206.45370   257.14920   125.79000
   30100.0000     1.52372     0.10510     2.38629   205.88310   258.21130   185.59440
   30200.0000     1.52360     0.10520     2.38871   205.31340   259.19450   245.48990
   30300.0000     1.52374     0.10500     2.39098   204.73990   260.18150   305.38240
   30400.0000     1.52368     0.10500     2.39318   204.17270   261.21560     5.22960
   30500.0000     1.52370     0.10510     2.39534   203.59610   262.30300    65.00810
   30600.0000     1.52362     0.10500     2.39764   203.03280   263.19640   124.99330
   30700.0000     1.52380     0.10500     2.39978   202.46810   264.22900   184.82720
   30800.0000     1.52358     0.10490     2.40250   201.89540   265.30860   244.61520
   30900.0000     1.52370     0.10500     2.40485   201.32980   266.19820   304.60840
   31000.0000     1.52366     0.10480     2.40735   200.75290   267.26970     4.41970
   31100.0000     1.52376     0.10480     2.40982   200.18000   268.31650    64.24790
   31200.0000     1.52362     0.10490     2.41212   199.60760   269.32010   124.12840
   31300.0000     1.52370     0.10470     2.41456   199.03820   270.26190   184.07490
   31400.0000     1.52363     0.10480     2.41703   198.46220   271.37950   243.82490
   31500.0000     1.52366     0.10470     2.41968   197.90130   272.34300   303.75320
   31600.0000     1.52369     0.10470     2.42222   197.33320   273.24720     3.73010
   31700.0000     1.52373     0.10450     2.42506   196.75430   274.39230    63.46700
   31800.0000     1.52366     0.10460     2.42767   196.18370   275.35640   123.38090
   31900.0000     1.52364     0.10460     2.43013   195.60830   276.36020   183.28260
   32000.0000     1.52372     0.10440     2.43283   195.03260   277.39050   243.12210
   32100.0000     1.52362     0.10450     2.43543   194.46370   278.44820   302.94770
   32200.0000     1.52377     0.10450     2.43813   193.89430   279.37850     2.89590
   32300.0000     1.52365     0.10430     2.44113   193.33070   280.36480    62.78070
   32400.0000     1.52370     0.10430     2.44398   192.75420   281.48380   122.53680
   32500.0000     1.52362     0.10440     2.44680   192.18440   282.40810   182.49190
   32600.0000     1.52376     0.10420     2.44969   191.60270   283.47120   242.31530
   32700.0000     1.52365     0.10410     2.45247   191.03360   284.51680   302.14020
   32800.0000     1.52374     0.10430     2.45512   190.45950   285.53860     2.00670
   32900.0000     1.52361     0.10410     2.45821   189.89050   286.47440    61.93750
   33000.0000     1.52378     0.10400     2.46099   189.32910   287.52240   121.76630
   33100.0000     1.52363     0.10400     2.46425   188.75600   288.57860   181.58150
   33200.0000     1.52366     0.10390     2.46733   188.18520   289.52150   241.52750
   33300.0000     1.52368     0.10380     2.47042   187.60810   290.62510   301.30190
   33400.0000     1.52368     0.10380     2.47320   187.03710   291.65460     1.16940
   33500.0000     1.52367     0.10390     2.47615   186.46630   292.61840    61.07620
   33600.0000     1.52369     0.10370     2.47920   185.90030   293.61220   120.97170
   33700.0000     1.52370     0.10380     2.48221   185.33090   294.66400   180.78590
   33800.0000     1.52360     0.10370     2.48574   184.76640   295.69810   240.63880
   33900.0000     1.52371     0.10350     2.48881   184.20210   296.61770   300.59510
   34000.0000     1.52366     0.10350     2.49209   183.62480   297.77470     0.32300
   34100.0000     1.52375     0.10350     2.49523   183.05870   298.75180    60.21030
   34200.0000     1.52358     0.10350     2.49820   182.49210   299.69740   120.15660
   34300.0000     1.52376     0.10330     2.50129   181.92200   300.76040   179.95850
   34400.0000     1.52358     0.10340     2.50463   181.35700   301.79000   239.79720
   34500.0000     1.52376     0.10330     2.50792   180.79800   302.74560   299.71530
   34600.0000     1.52366     0.10310     2.51132   180.23430   303.76050   359.56680
   34700.0000     1.52372     0.10310     2.51488   179.66390   304.91250    59.28190
   34800.0000     1.52358     0.10310     2.51808   179.09990   305.81170   119.25740
   34900.0000     1.52378     0.10300     2.52112   178.53050   306.85020   179.10370
   35000.0000     1.52364     0.10290     2.52448   177.96710   307.92430   238.88410
   35100.0000     1.52370     0.10300     2.52766   177.40850   308.86030   298.82880
   35200.0000     1.52366     0.10280     2.53109   176.84340   309.87890   358.67580
   35300.0000     1.52370     0.10270     2.53456   176.28960   310.92020    58.50550
   35400.0000     1.52365     0.10270     2.53816   175.72460   311.99980   118.29600
   35500.0000     1.52366     0.10270     2.54149   175.16130   312.93860   178.24120
   35600.0000     1.52373     0.10250     2.54490   174.59460   314.02930   238.01290
   35700.0000     1.52362     0.10250     2.54807   174.03990   315.05500   297.86710
   35800.0000     1.52370     0.10260     2.55119   173.47890   315.96500   357.82440
   35900.0000     1.52368     0.10230     2.55463   172.92180   317.02650    57.63270
   36000.0000     1.52372     0.10230     2.55799   172.36870   318.05990   117.45630
   36100.0000     1.52360     0.10240     2.56184   171.80810   319.10310   177.28850
   36200.0000     1.52373     0.10210     2.56515   171.25190   320.05390   237.19860
   36300.0000     1.52361     0.10210     2.56867   170.69060   321.18970   296.92720
   36400.0000     1.52378     0.10210     2.57174   170.13330   322.13880   356.83940
   36500.0000     1.52363     0.10200     2.57500   169.58150   323.08140    56.76100
   36600.0000     1.52370     0.10180     2.57829   169.02660   324.17390   116.52560
   36700.0000     1.52363     0.10190     2.58182   168.47150   325.17480   176.38090
   36800.0000     1.52369     0.10180     2.58543   167.92250   326.18500   236.23650
   36900.0000     1.52370     0.10160     2.58873   167.37040   327.18620   296.08830
   37000.0000     1.52372     0.10170     2.59232   166.81020   328.30540   355.83050
   37100.0000     1.52363     0.10160     2.59558   166.25640   329.22130    55.77530
   37200.0000     1.52369     0.10150     2.59859   165.70790   330.21740   115.65570
   37300.0000     1.52370     0.10140     2.60198   165.15100   331.33890   175.38200
   37400.0000     1.52363     0.10140     2.60521   164.60550   332.26280   235.32450
   37500.0000     1.52378     0.10120     2.60853   164.05780   333.29180   295.15180
   37600.0000     1.52365     0.10110     2.61210   163.50810   334.36160   354.94070
   37700.0000     1.52369     0.10130     2.61557   162.95370   335.40410    54.76300
   37800.0000     1.52361     0.10100     2.61869   162.40480   336.33020   114.70710
   37900.0000     1.52378     0.10100     2.62190   161.84920   337.42920   174.46190
   38000.0000     1.52362     0.10090     2.62497   161.30470   338.46210   234.28280
   38100.0000     1.52371     0.10090     2.62796   160.76170   339.36230   294.24610
   38200.0000     1.52367     0.10070     2.63131   160.21090   340.48000   353.97010
   38300.0000     1.52376     0.10060     2.63451   159.66880   341.51600    53.78950
   38400.0000     1.52357     0.10070     2.63800   159.12110   342.47900   113.68520
   38500.0000     1.52373     0.10050     2.64107   158.57080   343.51940   173.49820
   38600.0000     1.52362     0.10050     2.64429   158.01980   344.58570   233.27720
   38700.0000     1.52368     0.10040     2.64695   157.47750   345.56420   293.16420
   38800.0000     1.52372     0.10030     2.64997   156.93290   346.51440   353.05230
   38900.0000     1.52369     0.10010     2.65299   156.38770   347.65680    52.76300
   39000.0000     1.52363     0.10020     2.65612   155.84610   348.60820   112.65930
   39100.0000     1.52366     0.10020     2.65956   155.30150   349.64280   172.48950
   39200.0000     1.52371     0.09990     2.66241   154.75280   350.67600   232.30160
   39300.0000     1.52366     0.10000     2.66540   154.20620   351.70600   292.13750
   39400.0000     1.52376     0.09990     2.66822   153.65780   352.68950   352.00110
   39500.0000     1.52363     0.09970     2.67087   153.11940   353.68670    51.86680
   39600.0000     1.52370     0.09960     2.67367   152.57480   354.81630   111.58600
   39700.0000     1.52360     0.09970     2.67673   152.03110   355.76650   171.49270
   39800.0000     1.52382     0.09950     2.67962   151.48980   356.80010   231.31230
   39900.0000     1.52365     0.09940     2.68248   150.94430   357.87040   291.09770
   40000.0000     1.52373     0.09960     2.68551   150.39660   358.87070   350.95070
   40100.0000     1.52362     0.09920     2.68806   149.84810   359.85140    50.82800
   40200.0000     1.52375     0.09920     2.69043   149.30690     0.90920   110.62680
   40300.0000     1.52362     0.09920     2.69315   148.76210     2.02130   170.35080
   40400.0000     1.52371     0.09900     2.69577   148.22290     2.92360   230.30720
   40500.0000     1.52365     0.09890     2.69845   147.67770     4.06830   290.00320
   40600.0000     1.52372     0.09890     2.70132   147.13510     5.09130   349.82960
   40700.0000     1.52363     0.09890     2.70408   146.58790     6.02810    49.74880
   40800.0000     1.52367     0.09870     2.70638   146.04030     7.07950   109.55610
   40900.0000     1.52368     0.09870     2.70896   145.49230     8.16620   169.30720
   41000.0000     1.52360     0.09870     2.71121   144.95330     9.19880   229.13550
   41100.0000     1.52373     0.09840     2.71352   144.40990    10.14490   289.04240
   41200.0000     1.52368     0.09840     2.71613   143.86520    11.33220   348.69650
   41300.0000     1.52370     0.09840     2.71865   143.31950    12.28220    48.60370
   41400.0000     1.52361     0.09830     2.72132   142.77620    13.23160   108.52600
   41500.0000     1.52373     0.09810     2.72366   142.22260    14.37220   168.23390
   41600.0000     1.52361     0.09820     2.72603   141.67590    15.37320   228.09430
   41700.0000     1.52378     0.09810     2.72790   141.12850    16.37390   287.96340
   41800.0000     1.52365     0.09790     2.73022   140.58610    17.45810   347.71900
   41900.0000     1.52372     0.09790     2.73247   140.03970    18.58860    47.44510
   42000.0000     1.52359     0.09780     2.73491   139.49270    19.48210   107.41500
   42100.0000     1.52378     0.09770     2.73738   138.94500    20.57790   167.17570
   42200.0000     1.52369     0.09760     2.73957   138.39180    21.64970   226.95340
   42300.0000     1.52367     0.09760     2.74172   137.84290    22.61980   286.85540
   42400.0000     1.52369     0.09740     2.74375   137.28690    23.70190   346.61310
   42500.0000     1.52369     0.09730     2.74567   136.74560    24.77030    46.40740
   42600.0000     1.52363     0.09740     2.74774   136.19520    25.84400   106.18010
   42700.0000     1.52367     0.09720     2.74993   135.64410    26.83980   166.04530
   42800.0000     1.52373     0.09710     2.75211   135.09640    27.94700   225.77920
   42900.0000     1.52361     0.09710     2.75434   134.54110    28.99650   285.60500
   43000.0000     1.52373     0.09710     2.75649   133.98780    29.94020   345.51610
   43100.0000     1.52361     0.09680     2.75840   133.42990    31.05400    45.27110
   43200.0000     1.52373     0.09680     2.76025   132.87940    32.11470   105.06660
   43300.0000     1.52358     0.09690     2.76218   132.33050    33.19230   164.85190
   43400.0000     1.52373     0.09660     2.76410   131.77710    34.19200   224.71610
   43500.0000     1.52362     0.09670     2.76625   131.22440    35.33130   284.44010
   43600.0000     1.52374     0.09660     2.76842   130.66490    36.34780   344.29250
   43700.0000     1.52361     0.09640     2.77054   130.11050    37.29960    44.21490
   43800.0000     1.52373     0.09630     2.77238   129.54820    38.46390   103.92240
   43900.0000     1.52360     0.09630     2.77437   128.99110    39.48940   163.75580
   44000.0000     1.52374     0.09620     2.77590   128.43920    40.53400   223.58800
   44100.0000     1.52369     0.09600     2.77791   127.88110    41.61260   283.36600
   44200.0000     1.52368     0.09620     2.77990   127.32420    42.75070   343.08710
   44300.0000     1.52364     0.09600     2.78200   126.76250    43.71030    42.99400
   44400.0000     1.52369     0.09580     2.78419   126.20560    44.74370   102.84120
   44500.0000     1.52370     0.09570     2.78608   125.63370    45.94060   162.49510
   44600.0000     1.52366     0.09570     2.78790   125.07770    46.89480   222.41960
   44700.0000     1.52376     0.09550     2.78957   124.51030    47.99710   282.17870
   44800.0000     1.52365     0.09550     2.79149   123.95610    49.12830   341.90820
   44900.0000     1.52365     0.09560     2.79340   123.39870    50.16510    41.73380
   45000.0000     1.52364     0.09540     2.79552   122.83220    51.16360   101.61730
   45100.0000     1.52378     0.09530     2.79759   122.26880    52.32070   161.31710
   45200.0000     1.52361     0.09520     2.79957   121.69850    53.41870   221.10280
   45300.0000     1.52374     0.09510     2.80149   121.13680    54.35430   281.04940
   45400.0000     1.52362     0.09490     2.80344   120.56210    55.58250   340.69240
   45500.0000     1.52371     0.09490     2.80518   120.00520    56.62190    40.53000
   45600.0000     1.52361     0.09500     2.80720   119.44650    57.62440   100.40470
   45700.0000     1.52371     0.09470     2.80925   118.87420    58.73380   160.17240
   45800.0000     1.52363     0.09480     2.81135   118.31120    59.84250   219.93220
   45900.0000     1.52368     0.09470     2.81359   117.73880    60.89590   279.77500
   46000.0000     1.52365     0.09450     2.81567   117.16800    61.93010   339.61120
   46099.9973     1.52368     0.09440     2.81757   116.59350    63.14310    39.28110
   46200.0000     1.52364     0.09440     2.81966   116.02940    64.11450    99.18020
   46300.0027     1.52366     0.09430     2.82151   115.46740    65.19030   158.98220
   46400.0000     1.52373     0.09410     2.82363   114.89440    66.31100   218.72710
   46499.9973     1.52363     0.09430     2.82598   114.33040    67.37120   278.54300
   46600.0000     1.52375     0.09400     2.82820   113.74980    68.44990   338.33720
   46700.0027     1.52362     0.09380     2.83042   113.18290    69.52590    38.14570
   46800.0000     1.52372     0.09390     2.83262   112.60340    70.71810    97.82740
   46899.9973     1.52364     0.09380     2.83477   112.03330    71.72020   157.70400
   47000.0000     1.52382     0.09360     2.83655   111.46180    72.82540   217.47850
   47100.0027     1.52366     0.09360     2.83901   110.89500    73.94530   277.22930
   47200.0000     1.52371     0.09370     2.84136   110.32760    74.97540   337.07810
   47299.9973     1.52358     0.09330     2.84376   109.75000    76.04230    36.89810
   47400.0000     1.52381     0.09330     2.84620   109.18190    77.19650    96.62840
   47500.0027     1.52362     0.09330     2.84865   108.59730    78.34700   156.36150
   47600.0000     1.52371     0.09310     2.85077   108.02820    79.33830   216.26550
   47699.9973     1.52369     0.09300     2.85312   107.44980    80.53080   275.94820
   47800.0000     1.52364     0.09300     2.85554   106.88460    81.61330   335.75140
   47900.0027     1.52363     0.09300     2.85796   106.31940    82.57920    35.66440
   48000.0000     1.52371     0.09280     2.86054   105.74180    83.73010    95.40260
   48099.9973     1.52366     0.09280     2.86322   105.16900    84.84510   155.15490
   48200.0000     1.52362     0.09270     2.86579   104.58950    85.97110   214.92820
   48300.0027     1.52372     0.09250     2.86830   104.01970    86.98640   274.78560
   48400.0000     1.52362     0.09240     2.87088   103.43610    88.25580   334.39630
   48499.9973     1.52371     0.09240     2.87331   102.86910    89.24570    34.28150
   48600.0000     1.52362     0.09240     2.87592   102.30840    90.23430    94.17270
   48700.0027     1.52375     0.09210     2.87866   101.72610    91.45850   153.81620
   48800.0000     1.52361     0.09220     2.88153   101.15950    92.50000   213.65450
   48899.9973     1.52378     0.09200     2.88440   100.58070    93.58800   273.45170
   49000.0000     1.52364     0.09180     2.88713   100.00670    94.74460   333.16980
   49100.0027     1.52367     0.09190     2.88975    99.42720    95.93080    32.87160
   49200.0000     1.52364     0.09180     2.89245    98.86000    96.90040    92.78130
   49299.9973     1.52380     0.09160     2.89502    98.29510    98.01850   152.54240
   49400.0000     1.52367     0.09150     2.89808    97.71970    99.18270   212.25400
   49500.0027     1.52372     0.09150     2.90104    97.15790   100.15210   272.16910
   49600.0000     1.52366     0.09130     2.90412    96.57640   101.33340   331.86760
   49699.9973     1.52366     0.09120     2.90705    96.00940   102.46320    31.63150
   49800.0000     1.52370     0.09130     2.90994    95.43070   103.62160    91.35490
   49900.0027     1.52366     0.09110     2.91284    94.86410   104.63220   151.22670
   50000.0000     1.52374     0.09100     2.91557    94.29190   105.81520   210.91290
   50099.9973     1.52364     0.09100     2.91871    93.73230   106.89420   270.70890
   50200.0000     1.52368     0.09080     2.92183    93.16870   107.88160   330.59380
   50300.0027     1.52363     0.09060     2.92504    92.59480   109.07500    30.27890
   50400.0000     1.52375     0.09070     2.92819    92.02800   110.20530    90.01810
   50499.9973     1.52359     0.09070     2.93136    91.45300   111.30450   149.79850
   50600.0000     1.52374     0.09040     2.93425    90.88970   112.37680   209.59550
   50700.0027     1.52361     0.09050     2.93731    90.32040   113.57620   269.25880
   50800.0000     1.52372     0.09030     2.94042    89.75980   114.60980   329.09620
   50899.9973     1.52360     0.09010     2.94366    89.20440   115.62120    28.95270
   51000.0000     1.52374     0.09000     2.94688    88.63060   116.87060    88.57610
   51100.0027     1.52363     0.09000     2.95022    88.07060   117.89310   148.41790
   51200.0000     1.52369     0.08990     2.95352    87.50110   119.01960   208.18520
   51299.9973     1.52372     0.08980     2.95655    86.93900   120.14210   267.91640
   51400.0000     1.52365     0.08990     2.95971    86.37200   121.30980   327.63310
   51500.0027     1.52363     0.08960     2.96289    85.81280   122.31230    27.49720
   51600.0000     1.52375     0.08950     2.96595    85.26340   123.43190    87.25490
   51699.9973     1.52370     0.08940     2.96932    84.69710   124.62290   146.92040
   51800.0000     1.52366     0.08930     2.97274    84.14360   125.62010   206.80570
   51900.0027     1.52382     0.08920     2.97606    83.57650   126.76710   266.52080
   52000.0000     1.52359     0.08910     2.97931    83.01840   127.94800   326.21330
   52099.9973     1.52369     0.08920     2.98240    82.45720   129.00080    26.03090
   52200.0000     1.52367     0.08900     2.98565    81.90040   130.09670    85.79950
   52300.0027     1.52377     0.08890     2.98856    81.34850   131.24040   145.50290
   52400.0000     1.52363     0.08880     2.99210    80.79560   132.37740   205.22600
   52499.9973     1.52373     0.08870     2.99537    80.24560   133.37290   265.08820
   52600.0000     1.52360     0.08850     2.99881    79.68410   134.60960   324.70510
   52700.0027     1.52373     0.08850     3.00205    79.13340   135.69450    24.48650
   52800.0000     1.52362     0.08860     3.00530    78.57280   136.74010    84.30400
   52899.9973     1.52373     0.08830     3.00833    78.02050   137.88220   144.01570
   53000.0000     1.52362     0.08830     3.01145    77.47050   139.01300   203.73600
   53100.0027     1.52366     0.08820     3.01467    76.92360   140.12700   263.48100
   53200.0000     1.52367     0.08800     3.01792    76.37950   141.16340   323.29570
   53299.9973     1.52365     0.08790     3.02128    75.82570   142.40160    22.92270
   53400.0000     1.52369     0.08800     3.02455    75.27320   143.44160    82.74070
   53500.0027     1.52366     0.08790     3.02756    74.72120   144.49040   142.57150
   53600.0000     1.52371     0.08770     3.03062    74.17290   145.67160   202.23710
   53699.9973     1.52366     0.08780     3.03361    73.62550   146.76170   262.00940
   53800.0000     1.52372     0.08760     3.03660    73.07860   147.85640   321.76780
   53900.0027     1.52362     0.08740     3.03977    72.54480   148.95300    21.52730
   54000.0000     1.52376     0.08740     3.04295    71.99170   150.22290    81.10500
   54099.9973     1.52362     0.08730     3.04604    71.44770   151.17720   141.00990
   54200.0000     1.52384     0.08710     3.04911    70.90030   152.31850   200.72520
   54300.0027     1.52365     0.08710     3.05207    70.35280   153.50340   260.38140
   54400.0000     1.52367     0.08720     3.05473    69.80930   154.50360   320.23820
   54499.9973     1.52363     0.08690     3.05766    69.26620   155.62990    19.95360
   54600.0000     1.52378     0.08680     3.06047    68.73320   156.82690    79.59460
   54700.0027     1.52364     0.08690     3.06354    68.18790   157.97850   139.27950
   54800.0000     1.52371     0.08670     3.06647    67.65080   158.97480   199.14000
   54899.9973     1.52367     0.08660     3.06954    67.10200   160.23960   258.70470
   55000.0000     1.52364     0.08660     3.07213    66.55950   161.29900   318.50910
   55100.0027     1.52365     0.08660     3.07470    66.02090   162.27200    18.38620
   55200.0000     1.52369     0.08630     3.07745    65.47560   163.50810    77.99650
   55299.9973     1.52369     0.08640     3.08000    64.94080   164.60900   137.73330
   55400.0000     1.52358     0.08640     3.08287    64.40730   165.74700   197.45130
   55500.0027     1.52373     0.08610     3.08552    63.86810   166.82360   257.21800
   55600.0000     1.52359     0.08610     3.08830    63.32590   168.07600   316.81670
   55699.9973     1.52372     0.08610     3.09074    62.78610   169.07060    16.68070
   55800.0000     1.52364     0.08600     3.09318    62.24550   170.12300    76.48580
   55900.0027     1.52374     0.08580     3.09552    61.70180   171.34780   136.10510
   56000.0000     1.52360     0.08590     3.09787    61.17190   172.39370   195.90680
   56099.9973     1.52376     0.08580     3.10027    60.63590   173.54040   255.60160
   56200.0000     1.52360     0.08560     3.10282    60.10110   174.69380   315.28550
   56300.0027     1.52372     0.08570     3.10524    59.56410   175.87940    14.94240
   56400.0000     1.52364     0.08560     3.10759    59.02100   176.89590    74.76860
   56499.9973     1.52378     0.08550     3.10972    58.48190   178.02960   134.48610
   56600.0000     1.52369     0.08540     3.11182    57.94300   179.20140   194.14500
   56700.0027     1.52367     0.08540     3.11392    57.41030   180.24960   253.93840
   56800.0000     1.52369     0.08520     3.11598    56.86730   181.40680   313.61420
   56899.9973     1.52368     0.08520     3.11817    56.34410   182.55500    13.31010
   57000.0000     1.52367     0.08530     3.12047    55.80420   183.73900    72.95240
   57100.0027     1.52368     0.08510     3.12249    55.26510   184.77110   132.77630
   57200.0000     1.52374     0.08510     3.12466    54.72790   185.96090   192.42210
   57299.9973     1.52361     0.08510     3.12645    54.18450   187.12710   252.10860
   57400.0000     1.52370     0.08500     3.12812    53.65030   188.08740   312.00370
   57500.0027     1.52362     0.08480     3.12992    53.10890   189.32240    11.61820
   57600.0000     1.52376     0.08490     3.13175    52.57870   190.47790    71.29920
   57699.9973     1.52359     0.08500     3.13393    52.04550   191.56150   131.06700
   57800.0000     1.52371     0.08470     3.13558    51.50660   192.66950   190.81370
   57900.0027     1.52360     0.08480     3.13763    50.96570   193.90970   250.41110
   58000.0000     1.52367     0.08470     3.13908    50.42200   194.97580   310.21090
   58099.9973     1.52365     0.08460     3.14051    49.88730   195.99720    10.03820
   58200.0000     1.52372     0.08450     3.14207    49.34070   197.30080    69.57490
   58300.0027     1.52362     0.08460     3.14374    48.80830   198.32350   129.39240
   58400.0000     1.52368     0.08450     3.14529    48.27820   199.44190   189.12380
   58499.9973     1.52368     0.08440     3.14689    47.73400   200.65760   248.73430
   58600.0000     1.52363     0.08450     3.14872    47.19570   201.79010   308.45020
   58700.0027     1.52372     0.08440     3.14994    46.64960   202.84830     8.23820
   58800.0000     1.52367     0.08420     3.15124    46.11010   204.00300    67.93190
   58899.9973     1.52373     0.08420     3.15256    45.56180   205.25480   127.51650
   59000.0000     1.52364     0.08420     3.15379    45.03080   206.24600   187.37980
   59100.0027     1.52379     0.08410     3.15500    44.48560   207.45590   247.00390
   59200.0000     1.52362     0.08410     3.15671    43.94980   208.62750   306.68250
   59299.9973     1.52371     0.08430     3.15823    43.41000   209.69090     6.47370
   59400.0000     1.52364     0.08400     3.15939    42.85890   210.83970    66.17640
   59500.0027     1.52381     0.08400     3.16068    42.31700   212.04580   125.82680
   59600.0000     1.52361     0.08400     3.16170    41.76900   213.19690   185.53490
   59699.9973     1.52371     0.08390     3.16274    41.22920   214.25180   245.33760
   59800.0000     1.52362     0.08390     3.16392    40.67770   215.51150   304.93050
   59900.0027     1.52373     0.08400     3.16514    40.14390   216.59680     4.70720
   60000.0000     1.52364     0.08400     3.16660    39.60110   217.66910    64.47700
   60099.9973     1.52370     0.08380     3.16770    39.04990   218.85950   124.15150
   60200.0000     1.52362     0.08390     3.16898    38.50410   220.00510   183.85250
   60300.0027     1.52361     0.08390     3.16981    37.94910   221.21510   243.50700
   60400.0000     1.52366     0.08370     3.17070    37.40640   222.26990   303.29880
   60499.9973     1.52369     0.08370     3.17162    36.85250   223.54810     2.87930
   60600.0000     1.52368     0.08380     3.17271    36.31010   224.60170    62.65810
   60700.0027     1.52362     0.08380     3.17415    35.77080   225.66310   122.45880
   60800.0000     1.52372     0.08360     3.17500    35.21450   226.90330   182.06410
   60899.9973     1.52358     0.08380     3.17634    34.66390   228.05150   241.77060
   61000.0000     1.52375     0.08370     3.17710    34.10750   229.17660   301.50450
   61100.0027     1.52366     0.08360     3.17796    33.56210   230.33700     1.20520
   61200.0000     1.52372     0.08360     3.17878    33.00050   231.62200    60.76920
   61299.9973     1.52364     0.08360     3.17986    32.45840   232.63090   120.62360
   61400.0000     1.52380     0.08360     3.18075    31.91260   233.75990   180.35790
   61500.0027     1.52364     0.08360     3.18202    31.35300   235.02500   239.94600
   61600.0000     1.52370     0.08370     3.18330    30.80580   236.03410   299.81200
   61699.9973     1.52366     0.08350     3.18423    30.24270   237.22670   359.48770
   61800.0000     1.52378     0.08350     3.18501    29.68960   238.48040    59.09940
   61900.0027     1.52366     0.08360     3.18595    29.12900   239.66370   118.78150
   62000.0000     1.52369     0.08350     3.18680    28.58290   240.68800   178.62880
   62099.9973     1.52371     0.08350     3.18771    28.01960   241.98050   238.18440
   62200.0000     1.52362     0.08350     3.18911    27.47320   243.08760   297.94990
   62300.0027     1.52372     0.08360     3.19038    26.92050   244.08660   357.81320
   62400.0000     1.52368     0.08340     3.19132    26.35300   245.37920    57.38060
   62499.9973     1.52368     0.08350     3.19243    25.79910   246.52550   117.08990
   62600.0000     1.52360     0.08360     3.19326    25.23570   247.70650   176.78130
   62700.0027     1.52369     0.08340     3.19418    24.68070   248.84010   236.50020
   62800.0000     1.52360     0.08350     3.19513    24.11800   250.12420   296.07610
   62899.9973     1.52378     0.08360     3.19631    23.56860   251.14870   355.91510
   63000.0000     1.52360     0.08350     3.19778    23.01410   252.20690    55.71240
   63100.0027     1.52373     0.08340     3.19880    22.44840   253.51280   115.27270
   63200.0000     1.52359     0.08360     3.20012    21.89180   254.57320   175.08060
   63299.9973     1.52368     0.08350     3.20107    21.32030   255.81770   234.71500
   63400.0000     1.52367     0.08340     3.20201    20.76780   256.97180   294.42040
   63500.0027     1.52371     0.08360     3.20301    20.20330   258.21170   354.05860
   63600.0000     1.52366     0.08350     3.20441    19.64650   259.24750    53.88230
   63699.9973     1.52375     0.08340     3.20576    19.09870   260.38730   113.62120
   63800.0000     1.52367     0.08350     3.20708    18.52900   261.62010   173.25480
   63900.0027     1.52366     0.08350     3.20856    17.96950   262.69770   233.05730
   64000.0000     1.52374     0.08340     3.20972    17.40020   263.90340   292.72270
   64099.9973     1.52368     0.08340     3.21081    16.84580   265.10810   352.39530
   64200.0000     1.52373     0.08360     3.21200    16.27490   266.32850    52.03530
   64300.0027     1.52363     0.08350     3.21338    15.72270   267.36830   111.86830
   64400.0000     1.52380     0.08350     3.21450    15.16420   268.58760   171.50050
   64499.9973     1.52360     0.08350     3.21643    14.60020   269.78380   231.17340
   64600.0000     1.52372     0.08350     3.21794    14.04490   270.79110   291.03600
   64700.0027     1.52367     0.08340     3.21935    13.47380   272.07650   350.61660
   64800.0000     1.52376     0.08360     3.22072    12.91340   273.26350    50.29020
   64899.9973     1.52359     0.08370     3.22194    12.34860   274.38510   110.03810
   65000.0000     1.52373     0.08350     3.22333    11.79460   275.50890   169.77700
   65100.0027     1.52357     0.08370     3.22487    11.22790   276.79180   229.34930
   65200.0000     1.52369     0.08360     3.22660    10.67460   277.86150   289.15660
   65299.9973     1.52368     0.08350     3.22828    10.11930   278.94290   348.94140
   65400.0000     1.52370     0.08350     3.22999     9.54820   280.24940    48.50270
   65500.0027     1.52363     0.08360     3.23151     8.99290   281.30810   108.31670
   65600.0000     1.52362     0.08380     3.23287     8.42830   282.46080   168.05030
   65699.9973     1.52369     0.08360     3.23453     7.86940   283.68250   227.68570
   65800.0000     1.52363     0.08380     3.23595     7.31020   284.85750   287.39050
   65900.0027     1.52373     0.08370     3.23770     6.75330   285.94450   347.17000
   66000.0000     1.52367     0.08360     3.23980     6.20420   287.09330    46.88850
   66099.9973     1.52370     0.08370     3.24152     5.63780   288.36560   106.48330
   66200.0000     1.52363     0.08380     3.24329     5.08290   289.38600   166.33850
   66300.0027     1.52380     0.08370     3.24498     4.51400   290.59850   225.99640
   66400.0000     1.52362     0.08370     3.24661     3.96350   291.81580   285.63740
   66499.9973     1.52373     0.08400     3.24801     3.40460   292.90150   345.41800
   66600.0000     1.52364     0.08370     3.25018     2.84900   294.06300    45.10810
   66700.0027     1.52377     0.08380     3.25189     2.30340   295.25890   104.76830
   66800.0000     1.52366     0.08390     3.25395     1.74000   296.44730   164.43580
   66899.9973     1.52368     0.08380     3.25598     1.18780   297.51150   224.23910
   67000.0000     1.52369     0.08380     3.25783     0.62450   298.75720   283.84650
   67100.0027     1.52370     0.08390     3.25937     0.07490   299.90460   343.56820
   67200.0000     1.52365     0.08410     3.26114   359.51730   300.96720    43.36090
   67299.9973     1.52368     0.08390     3.26298   358.96700   302.16940   103.02290
   67400.0000     1.52366     0.08410     3.26469   358.41720   303.32870   162.71040
   67500.0027     1.52359     0.08410     3.26710   357.86500   304.52460   222.38460
   67600.0000     1.52374     0.08400     3.26901   357.31880   305.57690   282.19600
   67699.9973     1.52362     0.08400     3.27095   356.75860   306.88180   341.75610
   67800.0000     1.52373     0.08420     3.27279   356.20910   307.94220    41.55750
   67900.0027     1.52358     0.08420     3.27434   355.66040   308.98610   101.39300
   68000.0000     1.52372     0.08420     3.27619   355.10950   310.24690   160.98150
   68099.9973     1.52359     0.08430     3.27813   354.56500   311.36480   220.72350
   68200.0000     1.52374     0.08430     3.28018   354.01880   312.50930   280.44050
   68300.0027     1.52364     0.08420     3.28221   353.47620   313.66110   340.13680
   68400.0000     1.52373     0.08430     3.28430   352.92180   314.93910    39.71490
   68499.9973     1.52359     0.08430     3.28614   352.37800   315.92210    99.59070
   68600.0000     1.52378     0.08440     3.28770   351.82640   317.08040   159.29700
   68700.0027     1.52365     0.08440     3.28968   351.28220   318.31230   218.89660
   68800.0000     1.52368     0.08460     3.29126   350.74360   319.33630   278.73060
   68899.9973     1.52371     0.08450     3.29316   350.19580   320.52310   338.37670
   69000.0000     1.52369     0.08450     3.29541   349.66370   321.72900    38.02060
   69100.0027     1.52367     0.08460     3.29737   349.11400   322.92500    97.66700
   69200.0000     1.52369     0.08460     3.29918   348.57130   323.95910   157.49320
   69299.9973     1.52376     0.08460     3.30105   348.02220   325.18200   217.10930
   69400.0000     1.52365     0.08470     3.30253   347.48690   326.30790   276.84210
   69500.0027     1.52372     0.08480     3.30391   346.94830   327.30160   336.69340
   69600.0000     1.52364     0.08470     3.30595   346.40570   328.56180    36.28480
   69699.9973     1.52373     0.08490     3.30763   345.87620   329.70550    95.98380
   69800.0000     1.52360     0.08500     3.30975   345.33170   330.87050   155.67560
   69900.0027     1.52373     0.08490     3.31140   344.79680   331.95190   215.44720
   70000.0000     1.52363     0.08500     3.31321   344.25490   333.20410   275.04320
   70099.9973     1.52374     0.08510     3.31448   343.71660   334.24520   334.85790
   70200.0000     1.52363     0.08510     3.31591   343.18350   335.27030    34.68370
   70300.0027     1.52368     0.08510     3.31743   342.64590   336.52770    94.27380
   70400.0000     1.52360     0.08530     3.31913   342.11480   337.61950   154.01750
   70499.9973     1.52366     0.08530     3.32091   341.58270   338.77730   213.70920
   70600.0000     1.52368     0.08520     3.32247   341.05070   339.91970   273.40090
   70700.0027     1.52370     0.08550     3.32410   340.51000   341.13210   333.02560
   70800.0000     1.52366     0.08540     3.32540   339.97530   342.14500    32.85640
   70899.9973     1.52364     0.08540     3.32641   339.44660   343.22120    92.63000
   71000.0000     1.52372     0.08550     3.32788   338.90770   344.49390   152.18040
   71100.0027     1.52363     0.08570     3.32921   338.38410   345.50890   212.00640
   71200.0000     1.52380     0.08560     3.33042   337.85070   346.66260   271.68610
   71299.9973     1.52367     0.08570     3.33209   337.32310   347.85270   331.32740
   71400.0000     1.52369     0.08590     3.33354   336.78880   349.02250    30.99630
   71500.0027     1.52363     0.08580     3.33456   336.25790   350.03440    90.83540
   71600.0000     1.52383     0.08590     3.33571   335.72170   351.23960   150.46970
   71699.9973     1.52363     0.08600     3.33663   335.19160   352.38010   210.17020
   71800.0000     1.52375     0.08610     3.33738   334.67060   353.34910   270.05150
   71900.0027     1.52366     0.08610     3.33858   334.13270   354.60870   329.62160
   72000.0000     1.52375     0.08630     3.33982   333.61520   355.74410    29.33410
   72099.9973     1.52361     0.08640     3.34105   333.08430   356.82810    89.09090
   72200.0000     1.52371     0.08640     3.34196   332.55130   357.94510   148.82550
   72300.0027     1.52366     0.08650     3.34296   332.01860   359.12900   208.47170
   72400.0000     1.52364     0.08660     3.34327   331.49260     0.21080   268.24880
   72499.9973     1.52372     0.08660     3.34396   330.96730     1.22680   328.05780
   72600.0000     1.52366     0.08660     3.34472   330.43460     2.49110    27.63690
   72700.0027     1.52362     0.08680     3.34551   329.91490     3.51030    87.44580
   72800.0000     1.52361     0.08700     3.34667   329.38710     4.66300   147.12960
   72899.9973     1.52371     0.08690     3.34718   328.85750     5.79140   206.83420
   73000.0000     1.52360     0.08720     3.34796   328.32810     6.95170   266.50750
   73100.0027     1.52379     0.08720     3.34823   327.79570     7.99430   326.29810
   73200.0000     1.52359     0.08710     3.34853   327.27380     9.07510    26.05630
   73299.9973     1.52371     0.08720     3.34876   326.74070    10.31370    85.64920
   73400.0000     1.52361     0.08740     3.34948   326.22000    11.33130   145.46450
   73500.0027     1.52376     0.08750     3.34995   325.69420    12.45350   205.18230
   73600.0000     1.52367     0.08750     3.35039   325.16480    13.61610   264.85500
   73699.9973     1.52371     0.08780     3.35109   324.63410    14.71500   324.59450
   73800.0000     1.52362     0.08770     3.35102   324.10090    15.78200    24.37690
   73900.0027     1.52376     0.08770     3.35088   323.57710    16.93540    84.07520
   74000.0000     1.52366     0.08790     3.35114   323.04200    18.11650   143.72570
   74099.9973     1.52371     0.08800     3.35120   322.52220    19.09650   203.60020
   74200.0000     1.52375     0.08800     3.35111   321.98790    20.28270   263.25000
   74300.0027     1.52367     0.08820     3.35173   321.46470    21.41630   322.95930
   74400.0000     1.52368     0.08850     3.35199   320.93480    22.45540    22.76340
   74499.9973     1.52363     0.08830     3.35171   320.40110    23.55700    82.51490
   74600.0000     1.52374     0.08850     3.35184   319.86770    24.75230   142.14560
   74700.0027     1.52362     0.08860     3.35139   319.33710    25.85270   201.89750
   74800.0000     1.52372     0.08860     3.35097   318.81360    26.86520   261.72320
   74899.9973     1.52365     0.08880     3.35094   318.27600    28.12420   321.28940
   75000.0000     1.52372     0.08900     3.35099   317.75400    29.14050    21.11420
   75100.0027     1.52357     0.08910     3.35115   317.22370    30.13860    80.95650
   75200.0000     1.52373     0.08900     3.35078   316.68510    31.38030   140.55120
   75299.9973     1.52358     0.08940     3.35076   316.15280    32.45240   200.31740
   75400.0000     1.52371     0.08930     3.34987   315.61750    33.55640   260.06740
   75500.0027     1.52368     0.08930     3.34957   315.08950    34.65970   319.79190
   75600.0000     1.52366     0.08950     3.34910   314.55000    35.85570    19.44770
   75699.9973     1.52362     0.08970     3.34884   314.02320    36.81900    79.32900
   75800.0000     1.52366     0.08980     3.34887   313.49280    37.91660   139.08370
   75900.0027     1.52371     0.08980     3.34833   312.95230    39.10450   198.73950
   76000.0000     1.52364     0.09010     3.34811   312.41800    40.12840   258.57940
   76099.9973     1.52373     0.09010     3.34743   311.87380    41.27080   318.28080
   76200.0000     1.52364     0.09010     3.34670   311.34480    42.40310    18.01210
   76300.0027     1.52369     0.09030     3.34594   310.80050    43.56010    77.70440
   76400.0000     1.52364     0.09040     3.34563   310.27150    44.56700   137.55060
   76499.9973     1.52385     0.09050     3.34497   309.73510    45.68080   197.28420
   76600.0000     1.52361     0.09060     3.34476   309.19530    46.82580   256.99430
   76700.0027     1.52374     0.09090     3.34451   308.65670    47.81470   316.85340
   76800.0000     1.52362     0.09080     3.34369   308.11080    48.99710    16.52660
   76899.9973     1.52376     0.09100     3.34290   307.57300    50.12340    76.24970
   77000.0000     1.52364     0.09120     3.34219   307.02750    51.27020   135.94550
   77100.0027     1.52372     0.09110     3.34148   306.49640    52.26820   195.80020
   77200.0000     1.52367     0.09130     3.34069   305.94760    53.46460   255.44360
   77299.9973     1.52370     0.09150     3.34054   305.41360    54.52140   315.23810
   77400.0000     1.52362     0.09160     3.34023   304.87410    55.48500    15.12570
   77500.0027     1.52369     0.09160     3.33942   304.32350    56.69450    74.77600
   77600.0000     1.52364     0.09190     3.33900   303.77900    57.78990   134.52410
   77699.9973     1.52362     0.09200     3.33789   303.23270    58.91260   194.27460
   77800.0000     1.52374     0.09190     3.33706   302.69420    59.96520   254.07200
   77900.0027     1.52361     0.09220     3.33648   302.14280    61.19890   313.69560
   78000.0000     1.52369     0.09230     3.33604   301.60590    62.14310    13.61320
   78099.9973     1.52361     0.09240     3.33587   301.06480    63.14350    73.48700
   78200.0000     1.52370     0.09240     3.33516   300.50830    64.41640   133.06940
   78300.0027     1.52362     0.09270     3.33465   299.96450    65.41160   192.94910
   78400.0000     1.52376     0.09270     3.33367   299.40970    66.53810   252.69400
   78499.9973     1.52363     0.09280     3.33309   298.86790    67.69860   312.38440
   78600.0000     1.52369     0.09310     3.33225   298.31460    68.82700    12.12620
   78700.0027     1.52361     0.09310     3.33191   297.77260    69.78170    72.03430
   78800.0000     1.52380     0.09310     3.33148   297.22920    70.91850   131.75450
   78899.9973     1.52367     0.09330     3.33103   296.67360    72.06310   191.46790
   79000.0000     1.52369     0.09340     3.33073   296.12610    73.03160   251.37010
   79100.0027     1.52370     0.09350     3.33010   295.56520    74.23410   311.01750
   79200.0000     1.52366     0.09360     3.32929   295.02290    75.36000    10.75880
   79299.9973     1.52367     0.09390     3.32865   294.46520    76.43530    70.53970
   79400.0000     1.52370     0.09380     3.32829   293.92180    77.48310   130.35070
   79500.0027     1.52376     0.09400     3.32761   293.36880    78.62400   190.05960
   79600.0000     1.52364     0.09420     3.32774   292.81990    79.67990   249.87660
   79699.9973     1.52371     0.09420     3.32758   292.26930    80.68800   309.72990
   79800.0000     1.52361     0.09430     3.32704   291.70950    81.88990     9.39990
   79900.0027     1.52374     0.09460     3.32662   291.16030    82.94600    69.20910
   80000.0000     1.52359     0.09470     3.32614   290.60260    84.04780   128.98070
   80099.9973     1.52374     0.09460     3.32562   290.05670    85.11700   188.78020
   80200.0000     1.52362     0.09490     3.32531   289.49850    86.26210   248.50200
   80300.0027     1.52370     0.09500     3.32541   288.95200    87.29520   308.34360
   80400.0000     1.52362     0.09500     3.32538   288.40380    88.29020     8.21920
   80499.9973     1.52371     0.09510     3.32521   287.84200    89.50390    67.88330
   80600.0000     1.52359     0.09530     3.32513   287.28870    90.52250   127.73090
   80700.0027     1.52370     0.09550     3.32449   286.73070    91.63300   187.50780
   80800.0000     1.52368     0.09550     3.32434   286.18280    92.73520   247.25660
   80899.9973     1.52364     0.09580     3.32414   285.62440    93.86030   307.00080
   81000.0000     1.52365     0.09570     3.32419   285.07690    94.85030     6.87310
   81100.0027     1.52368     0.09580     3.32450   284.53180    95.90380    66.68850
   81200.0000     1.52371     0.09590     3.32451   283.96710    97.12180   126.32480
   81299.9973     1.52365     0.09610     3.32450   283.41800    98.08550   186.23750
   81400.0000     1.52380     0.09620     3.32440   282.85600    99.19880   245.98420
   81500.0027     1.52361     0.09630     3.32440   282.30990   100.35240   305.68950
   81600.0000     1.52366     0.09660     3.32415   281.75240   101.38410     5.52580
   81699.9973     1.52367     0.09650     3.32443   281.20640   102.41440    65.35930
   81800.0000     1.52382     0.09660     3.32453   280.65820   103.55590   125.07160
   81900.0027     1.52363     0.09680     3.32504   280.10080   104.64820   184.85190
   82000.0000     1.52375     0.09680     3.32538   279.55370   105.59840   244.77710
   82099.9973     1.52362     0.09690     3.32569   278.99040   106.83250   304.40620
   82200.0000     1.52372     0.09710     3.32554   278.44480   107.86530     4.25400
   82300.0027     1.52366     0.09740     3.32564   277.89070   108.87030    64.11950
   82400.0000     1.52371     0.09720     3.32598   277.34460   109.97720   123.87940
   82499.9973     1.52367     0.09750     3.32617   276.79210   111.08020   183.63590
   82600.0000     1.52365     0.09760     3.32703   276.24720   112.12000   243.47680
   82700.0027     1.52368     0.09750     3.32751   275.69880   113.15620   303.30120
   82800.0000     1.52365     0.09770     3.32787   275.14130   114.33750     2.99560
   82899.9973     1.52367     0.09790     3.32819   274.59530   115.30120    62.89460
   83000.0000     1.52362     0.09810     3.32840   274.04290   116.36840   122.70080
   83100.0027     1.52373     0.09800     3.32870   273.49880   117.48290   182.43750
   83200.0000     1.52360     0.09840     3.32914   272.95090   118.52750   242.25110
   83299.9973     1.52374     0.09830     3.32981   272.40760   119.57240   302.06320
   83400.0000     1.52359     0.09830     3.33055   271.86650   120.63180     1.86140
   83500.0027     1.52375     0.09860     3.33112   271.31200   121.80330    61.54770
   83600.0000     1.52361     0.09860     3.33170   270.76820   122.75070   121.46170
   83699.9973     1.52377     0.09870     3.33192   270.21650   123.83790   181.24310
   83800.0000     1.52367     0.09880     3.33238   269.67920   124.92510   240.99490
   83900.0027     1.52365     0.09910     3.33283   269.13400   125.94190   300.84430
   84000.0000     1.52362     0.09900     3.33355   268.59310   127.00060     0.63820
   84099.9973     1.52379     0.09910     3.33428   268.05950   128.10190    60.39880
   84200.0000     1.52365     0.09930     3.33513   267.50890   129.19360   120.16000
   84300.0027     1.52371     0.09930     3.33568   266.97110   130.16260   180.06520
   84400.0000     1.52376     0.09950     3.33632   266.42260   131.26770   239.81050
   84499.9973     1.52360     0.09960     3.33677   265.88780   132.35360   299.59290
   84600.0000     1.52369     0.09980     3.33711   265.34600   133.29380   359.51540
   84700.0027     1.52368     0.09970     3.33782   264.80990   134.40210    59.26620
   84800.0000     1.52375     0.09990     3.33836   264.27590   135.47970   119.02830
   84899.9973     1.52362     0.10000     3.33947   263.73820   136.53190   178.84330
   85000.0000     1.52374     0.10000     3.34011   263.20470   137.51630   238.70990
   85100.0027     1.52360     0.10020     3.34091   262.65920   138.69410   298.38380
   85200.0000     1.52373     0.10040     3.34121   262.12620   139.64730   358.28980
   85299.9973     1.52363     0.10050     3.34164   261.58940   140.61390    58.17690
   85400.0000     1.52375     0.10040     3.34215   261.05880   141.76180   117.86460
   85500.0027     1.52358     0.10070     3.34283   260.52620   142.76440   177.70490
   85600.0000     1.52372     0.10080     3.34365   259.99850   143.80380   237.51270
   85699.9973     1.52365     0.10070     3.34438   259.46810   144.86550   297.28930
   85800.0000     1.52365     0.10100     3.34507   258.93090   145.97170   357.03310
   85900.0027     1.52368     0.10110     3.34552   258.39960   146.91070    56.94240
   86000.0000     1.52367     0.10110     3.34578   257.86840   147.91720   116.79210
   86099.9973     1.52370     0.10120     3.34624   257.33990   149.04290   176.49790
   86200.0000     1.52365     0.10150     3.34665   256.81330   149.99200   236.39990
   86300.0027     1.52371     0.10140     3.34721   256.28730   151.06810   296.16410
   86400.0000     1.52363     0.10140     3.34801   255.76790   152.12480   355.95570
   86499.9973     1.52373     0.10180     3.34872   255.23340   153.22470    55.70370
   86600.0000     1.52364     0.10170     3.34904   254.70790   154.13930   115.64510
   86700.0027     1.52384     0.10180     3.34935   254.17660   155.21060   175.42230
   86800.0000     1.52362     0.10200     3.34960   253.65530   156.27300   235.19820
   86899.9973     1.52369     0.10210     3.34974   253.13210   157.18960   295.13470
   87000.0000     1.52363     0.10200     3.35022   252.60920   158.30130   354.85890
   87100.0027     1.52378     0.10230     3.35071   252.09320   159.36470    54.63440
   87200.0000     1.52365     0.10250     3.35128   251.56620   160.37840   114.45730
   87299.9973     1.52372     0.10240     3.35152   251.04650   161.34720   174.33620
   87400.0000     1.52369     0.10260     3.35191   250.51730   162.44670   234.05920
   87500.0027     1.52365     0.10270     3.35179   249.99900   163.43540   293.92240
   87600.0000     1.52366     0.10280     3.35178   249.47810   164.34450   353.84670
   87699.9973     1.52372     0.10280     3.35195   248.95720   165.49940    53.52240
   87800.0000     1.52368     0.10300     3.35201   248.44140   166.47810   113.36510
   87900.0027     1.52360     0.10310     3.35255   247.92690   167.49520   173.18990
   88000.0000     1.52375     0.10310     3.35261   247.40730   168.51030   233.00030
   88099.9973     1.52357     0.10340     3.35281   246.88380   169.60740   292.74150
   88200.0000     1.52373     0.10340     3.35249   246.36530   170.50460   352.68540
   88300.0027     1.52365     0.10340     3.35229   245.84820   171.49450    52.53800
   88400.0000     1.52372     0.10350     3.35201   245.32960   172.61940   112.24010
   88499.9973     1.52360     0.10370     3.35201   244.81770   173.54790   172.15150
   88600.0000     1.52375     0.10380     3.35200   244.30430   174.59350   231.94210
   88700.0027     1.52361     0.10380     3.35195   243.78850   175.64430   291.72390
   88800.0000     1.52370     0.10410     3.35186   243.27160   176.66160   351.54910
   88899.9973     1.52363     0.10410     3.35157   242.75280   177.60290    51.44840
   89000.0000     1.52377     0.10410     3.35102   242.23510   178.62370   111.27550
   89100.0027     1.52366     0.10430     3.35057   241.72040   179.68510   171.03740
   89200.0000     1.52366     0.10440     3.35016   241.20810   180.61350   230.95040
   89299.9973     1.52371     0.10440     3.34963   240.69150   181.68360   290.70300
   89400.0000     1.52364     0.10450     3.34953   240.18680   182.71210   350.50990
   89500.0027     1.52369     0.10480     3.34932   239.66760   183.71640    50.32760
   89600.0000     1.52370     0.10470     3.34867   239.15100   184.66810   110.22070
   89699.9973     1.52376     0.10490     3.34817   238.63330   185.70690   169.99980
   89800.0000     1.52362     0.10510     3.34729   238.11990   186.73670   229.80470
   89900.0027     1.52370     0.10500     3.34641   237.60670   187.63160   289.74330
   90000.0000     1.52363     0.10510     3.34571   237.09180   188.74430   349.45410
   90099.9973     1.52378     0.10530     3.34513   236.58350   189.74580    49.27330
   90200.0000     1.52361     0.10550     3.34473   236.06910   190.69640   109.15870
   90300.0027     1.52373     0.10540     3.34383   235.55550   191.70210   168.98630
   90400.0000     1.52362     0.10570     3.34326   235.03750   192.75860   228.75200
   90499.9973     1.52367     0.10570     3.34202   234.52040   193.71130   288.65450
   90600.0000     1.52368     0.10570     3.34090   234.00780   194.63230   348.56620
   90700.0027     1.52370     0.10580     3.33987   233.49100   195.77900    48.25070
   90800.0000     1.52362     0.10600     3.33902   232.98000   196.68970   108.17380
   90899.9973     1.52367     0.10610     3.33822   232.47380   197.67930   168.02800
   91000.0000     1.52368     0.10620     3.33729   231.95520   198.74030   227.79020
   91100.0027     1.52362     0.10640     3.33640   231.43770   199.72560   287.65200
   91200.0000     1.52372     0.10640     3.33503   230.91830   200.65080   347.56830
   91299.9973     1.52363     0.10640     3.33376   230.40460   201.66200    47.39650
   91400.0000     1.52372     0.10660     3.33241   229.88550   202.76030   107.12660
   91500.0027     1.52361     0.10670     3.33130   229.37640   203.63820   167.09070
   91600.0000     1.52378     0.10680     3.32997   228.86050   204.69840   226.85190
   91699.9973     1.52361     0.10680     3.32910   228.34540   205.71950   286.66590
   91800.0000     1.52369     0.10710     3.32793   227.82930   206.66240   346.55710
   91900.0027     1.52364     0.10700     3.32658   227.30720   207.65000    46.40300
   92000.0000     1.52381     0.10710     3.32521   226.78780   208.68150   106.21090
   92099.9973     1.52361     0.10730     3.32357   226.26890   209.69350   166.02890
   92199.9945     1.52371     0.10730     3.32210   225.75340   210.61930   225.94130
   92300.0027     1.52364     0.10740     3.32061   225.23150   211.71170   285.67490
   92400.0000     1.52371     0.10760     3.31945   224.72290   212.66610   345.56210
   92499.9973     1.52366     0.10780     3.31826   224.20320   213.61280    45.44170
   92600.0055     1.52370     0.10760     3.31679   223.67820   214.62470   105.28460
   92700.0027     1.52369     0.10780     3.31532   223.15720   215.63040   165.10740
   92800.0000     1.52360     0.10800     3.31351   222.63400   216.65880   224.93620
   92899.9973     1.52371     0.10790     3.31186   222.11460   217.57080   284.86670
   92999.9945     1.52368     0.10810     3.31021   221.59120   218.66510   344.61740
   93100.0027     1.52370     0.10820     3.30878   221.07490   219.59860    44.51520
   93200.0000     1.52363     0.10840     3.30758   220.55780   220.54080   104.42720
   93299.9973     1.52372     0.10830     3.30592   220.03250   221.57830   164.23240
   93400.0055     1.52357     0.10860     3.30457   219.50750   222.59330   224.05640
   93500.0027     1.52375     0.10850     3.30272   218.97890   223.53850   283.97300
   93600.0000     1.52365     0.10850     3.30104   218.45650   224.52150   343.83320
   93699.9973     1.52372     0.10870     3.29916   217.92810   225.63170    43.55720
   93799.9945     1.52361     0.10880     3.29777   217.40910   226.50820   103.52790
   93900.0027     1.52371     0.10890     3.29616   216.89230   227.48370   163.39570
   94000.0000     1.52366     0.10890     3.29479   216.36040   228.55950   223.14970
   94099.9973     1.52364     0.10920     3.29336   215.83570   229.48210   283.08030
   94200.0055     1.52369     0.10910     3.29161   215.30130   230.46690   342.94300
   94300.0027     1.52371     0.10910     3.28983   214.77570   231.51320    42.73960
   94400.0000     1.52367     0.10930     3.28810   214.24380   232.54250   102.55370
   94499.9973     1.52365     0.10940     3.28645   213.72140   233.43020   162.51930
   94599.9945     1.52376     0.10940     3.28466   213.19000   234.50060   222.28340
   94700.0027     1.52359     0.10950     3.28353   212.66620   235.49680   282.13950
   94800.0000     1.52374     0.10980     3.28201   212.13950   236.38250   342.10690
   94899.9973     1.52366     0.10960     3.28045   211.60240   237.43830    41.90150
   95000.0055     1.52378     0.10970     3.27892   211.07230   238.45770   101.73400
   95100.0027     1.52360     0.10990     3.27707   210.53790   239.44110   161.61330
   95200.0000     1.52370     0.10990     3.27540   210.00740   240.40180   221.50870
   95299.9973     1.52364     0.11000     3.27374   209.47320   241.47300   281.28370
   95399.9945     1.52375     0.11020     3.27248   208.95230   242.38730   341.23250
   95500.0027     1.52364     0.11020     3.27118   208.42120   243.30900    41.15300
   95600.0000     1.52374     0.11010     3.26974   207.88400   244.38820   100.93850
   95699.9973     1.52360     0.11040     3.26836   207.35160   245.33290   160.83980
   95800.0055     1.52364     0.11040     3.26665   206.81100   246.37340   220.67220
   95900.0027     1.52371     0.11030     3.26513   206.28030   247.32280   280.56920
   96000.0000     1.52367     0.11060     3.26362   205.74300   248.38650   340.36430
   96099.9973     1.52370     0.11060     3.26229   205.21200   249.30200    40.28950
   96199.9945     1.52363     0.11070     3.26113   204.68750   250.23210   100.21920
   96300.0027     1.52370     0.11070     3.25983   204.14760   251.29690   160.00010
   96400.0000     1.52359     0.11090     3.25873   203.61270   252.25640   219.89480
   96499.9973     1.52376     0.11080     3.25730   203.07020   253.24480   279.76960
   96600.0055     1.52366     0.11080     3.25596   202.53690   254.25870   339.61080
   96700.0027     1.52373     0.11110     3.25444   201.99420   255.32620    39.39440
   96800.0000     1.52359     0.11100     3.25331   201.46520   256.18780    99.39220
   96899.9973     1.52379     0.11110     3.25193   200.93590   257.18320   159.25060
   96999.9945     1.52360     0.11120     3.25121   200.39520   258.24290   219.03980
   97100.0027     1.52369     0.11130     3.25010   199.86280   259.12510   279.02560
   97200.0000     1.52368     0.11120     3.24904   199.31920   260.17360   338.83950
   97299.9973     1.52372     0.11130     3.24787   198.78210   261.20670    38.66810
   97400.0055     1.52365     0.11150     3.24663   198.24230   262.18800    98.54700
   97500.0027     1.52369     0.11140     3.24554   197.71090   263.09100   158.51300
   97600.0000     1.52370     0.11150     3.24441   197.16770   264.16710   218.28370
   97699.9973     1.52363     0.11160     3.24376   196.64080   265.12270   278.19640
   97799.9945     1.52370     0.11170     3.24286   196.10890   266.00350   338.17320
   97900.0027     1.52368     0.11160     3.24218   195.56440   267.09420    37.94250
   98000.0000     1.52373     0.11170     3.24131   195.03020   268.06810    97.81990
   98099.9973     1.52358     0.11190     3.24029   194.48870   269.03290   157.73080
   98200.0055     1.52374     0.11170     3.23936   193.95200   270.01690   217.59780
   98300.0027     1.52361     0.11190     3.23850   193.41260   271.06720   277.40130
   98400.0000     1.52376     0.11200     3.23778   192.88710   271.95210   337.37330
   98499.9973     1.52365     0.11200     3.23733   192.35450   272.88590    37.28570
   98599.9945     1.52370     0.11190     3.23677   191.81460   273.97180    97.05510
   98700.0027     1.52360     0.11210     3.23616   191.28060   274.88340   156.99430
   98800.0000     1.52370     0.11210     3.23549   190.73710   275.90610   216.84420
   98899.9973     1.52369     0.11200     3.23480   190.20440   276.89280   276.70080
   99000.0055     1.52369     0.11230     3.23407   189.66690   277.89920   336.55800
   99100.0027     1.52364     0.11220     3.23366   189.13440   278.80430    36.49980
   99200.0000     1.52367     0.11220     3.23307   188.61120   279.75270    96.41090
   99299.9973     1.52370     0.11230     3.23278   188.07360   280.80700   156.20330
   99399.9945     1.52360     0.11240     3.23254   187.54120   281.72720   216.14870
   99500.0027     1.52378     0.11230     3.23214   187.00160   282.72550   276.00930
   99600.0000     1.52362     0.11230     3.23165   186.47150   283.75270   335.84570
   99699.9973     1.52370     0.11260     3.23116   185.93220   284.73020    35.72480
   99800.0055     1.52363     0.11240     3.23071   185.40690   285.62330    95.69470
   99900.0027     1.52379     0.11250     3.23014   184.87900   286.62050   155.54400
  100000.0000     1.52360     0.11260     3.23040   184.34880   287.63680   215.38110
  100099.9973     1.52372     0.11260     3.23011   183.82270   288.50200   275.37560
  100199.9945     1.52362     0.11250     3.23000   183.28720   289.57660   335.15200
  100300.0027     1.52377     0.11260     3.22982   182.75770   290.56710    35.01460
  100400.0000     1.52360     0.11280     3.22953   182.22560   291.48530    94.95230
  100499.9973     1.52373     0.11270     3.22914   181.70000   292.43290   154.85460
  100600.0055     1.52366     0.11280     3.22903   181.16700   293.45850   214.66690
  100700.0027     1.52364     0.11280     3.22907   180.65120   294.39450   274.58360
  100800.0000     1.52371     0.11280     3.22885   180.12860   295.26630   334.54800
  100899.9973     1.52369     0.11270     3.22915   179.59740   296.37070    34.29130
  100999.9945     1.52365     0.11290     3.22907   179.07300   297.27930    94.22050
  101100.0027     1.52364     0.11300     3.22895   178.54260   298.23930   154.12760
  101200.0000     1.52372     0.11280     3.22881   178.01810   299.22270   213.97870
  101299.9973     1.52363     0.11300     3.22871   177.49260   300.20360   273.84570
  101400.0055     1.52378     0.11300     3.22853   176.97840   301.08060   333.80920
  101500.0027     1.52361     0.11280     3.22878   176.46150   302.02350    33.71160
  101600.0000     1.52371     0.11290     3.22895   175.93710   303.10360    93.47430
  101699.9973     1.52360     0.11310     3.22898   175.41630   303.97470   153.45580
  101799.9945     1.52376     0.11300     3.22915   174.89060   304.96670   213.32000
  101900.0027     1.52369     0.11290     3.22909   174.37360   305.94690   273.17790
  102000.0000     1.52369     0.11320     3.22897   173.85220   306.88540   333.08940
  102099.9973     1.52363     0.11300     3.22904   173.33640   307.79760    33.02060
  102200.0055     1.52371     0.11300     3.22891   172.82910   308.75160    92.91070
  102300.0027     1.52365     0.11310     3.22926   172.30850   309.78150   152.71380
  102400.0000     1.52366     0.11310     3.22942   171.79690   310.64630   212.69570
  102499.9973     1.52373     0.11300     3.22970   171.27760   311.66730   272.50690
  102599.9945     1.52366     0.11310     3.22965   170.76290   312.64140   332.37270
  102700.0027     1.52369     0.11330     3.22971   170.24440   313.55280    32.30220
  102800.0000     1.52363     0.11310     3.22957   169.73610   314.45690    92.23430
  102899.9973     1.52379     0.11320     3.22951   169.22240   315.46700   152.04600
  103000.0055     1.52359     0.11320     3.22997   168.71880   316.41450   211.92940
  103100.0027     1.52373     0.11310     3.22993   168.21120   317.27530   271.90000
  103200.0000     1.52368     0.11310     3.23019   167.69640   318.33770   331.65980
  103299.9973     1.52374     0.11320     3.23033   167.18690   319.26630    31.56760
  103399.9945     1.52359     0.11330     3.23038   166.67570   320.14540    91.52660
  103500.0027     1.52375     0.11310     3.23023   166.16670   321.12740   151.37760
  103600.0000     1.52362     0.11330     3.23032   165.65640   322.08310   211.24450
  103699.9973     1.52372     0.11320     3.23021   165.16220   322.97800   271.18990
  103800.0055     1.52370     0.11320     3.23015   164.65700   323.88130   331.10500
  103900.0027     1.52368     0.11320     3.23051   164.15120   324.94740    30.87510
  104000.0000     1.52362     0.11320     3.23051   163.64730   325.80080    90.85070
  104099.9973     1.52366     0.11330     3.23068   163.13730   326.75110   150.75530
  104199.9945     1.52373     0.11310     3.23037   162.63350   327.71780   210.60490
  104300.0027     1.52363     0.11330     3.23031   162.13120   328.63380   270.52810
  104400.0000     1.52376     0.11320     3.22997   161.63190   329.52760   330.45250
  104499.9973     1.52364     0.11310     3.22998   161.13950   330.46820    30.34150
  104600.0055     1.52366     0.11320     3.23008   160.63890   331.48600    90.14150
  104700.0027     1.52362     0.11330     3.23005   160.13730   332.35320   150.10620
  104800.0000     1.52380     0.11320     3.23006   159.63520   333.30700   209.97490
  104899.9973     1.52363     0.11320     3.22978   159.13740   334.28220   269.81580
  104999.9945     1.52374     0.11340     3.22961   158.63510   335.15590   329.76500
  105100.0027     1.52361     0.11310     3.22926   158.13920   336.07640    29.66250
  105200.0000     1.52373     0.11310     3.22876   157.64930   337.01970    89.53400
  105299.9973     1.52364     0.11330     3.22888   157.15340   338.01120   149.34860
  105400.0055     1.52368     0.11310     3.22861   156.65990   338.85080   209.33400
  105500.0027     1.52370     0.11310     3.22849   156.16280   339.85980   269.12960
  105600.0000     1.52368     0.11320     3.22829   155.66470   340.80500   329.01170
  105699.9973     1.52364     0.11330     3.22793   155.16690   341.63840    29.00040
  105799.9945     1.52369     0.11310     3.22722   154.67500   342.58570    88.87740
  105900.0027     1.52371     0.11320     3.22689   154.17880   343.55440   148.71600
  106000.0000     1.52362     0.11320     3.22656   153.69580   344.46470   208.63340
  106099.9973     1.52374     0.11310     3.22596   153.20490   345.32510   268.59120
  106200.0055     1.52365     0.11320     3.22584   152.70960   346.37860   328.35310
  106300.0027     1.52374     0.11320     3.22532   152.21700   347.23670    28.31920
  106400.0000     1.52359     0.11320     3.22490   151.72500   348.09090    88.29930
  106499.9973     1.52373     0.11300     3.22418   151.22970   349.10200   148.10130
  106599.9945     1.52363     0.11320     3.22368   150.73760   349.99270   208.02850
  106700.0027     1.52373     0.11310     3.22267   150.25660   350.88700   267.95710
  106800.0000     1.52370     0.11300     3.22212   149.76660   351.80990   327.83490
  106899.9973     1.52369     0.11310     3.22169   149.27930   352.82640    27.63200
  107000.0055     1.52356     0.11310     3.22105   148.78910   353.62710    87.64410
  107100.0027     1.52373     0.11310     3.22064   148.29700   354.58900   147.50370
  107200.0000     1.52369     0.11300     3.21971   147.80490   355.54590   207.34450
  107299.9973     1.52364     0.11310     3.21887   147.31650   356.40630   267.30330
  107399.9945     1.52374     0.11290     3.21785   146.82760   357.34000   327.16580
  107500.0027     1.52362     0.11290     3.21704   146.34720   358.25940    27.05740
  107600.0000     1.52366     0.11300     3.21629   145.86100   359.22510    86.89150
  107699.9973     1.52364     0.11300     3.21553   145.37110     0.08350   146.85170
  107800.0055     1.52378     0.11290     3.21481   144.88290     1.03240   206.70540
  107900.0027     1.52362     0.11290     3.21381   144.39400     1.97690   266.57970
  108000.0000     1.52370     0.11300     3.21297   143.90340     2.82850   326.54420
  108099.9973     1.52362     0.11280     3.21173   143.41440     3.76640    26.42510
  108199.9945     1.52377     0.11280     3.21043   142.93130     4.69980    86.30610
  108300.0027     1.52359     0.11300     3.20965   142.44740     5.63880   146.17790
  108400.0000     1.52374     0.11280     3.20850   141.96210     6.48470   206.15480
  108499.9973     1.52364     0.11280     3.20759   141.47550     7.48380   265.96370
  108600.0055     1.52369     0.11290     3.20668   140.98440     8.39290   325.88110
  108700.0027     1.52365     0.11290     3.20559   140.49570     9.20850    25.88600
  108800.0000     1.52369     0.11270     3.20402   140.00640    10.18150    85.73330
  108899.9973     1.52368     0.11280     3.20296   139.51770    11.11870   145.59650
  108999.9945     1.52366     0.11280     3.20161   139.04180    12.00620   205.52960
  109100.0027     1.52372     0.11260     3.20021   138.55330    12.89210   265.44830
  109200.0000     1.52367     0.11280     3.19925   138.06650    13.90440   325.23710
  109299.9973     1.52369     0.11270     3.19805   137.57840    14.73220    25.21880
  109400.0055     1.52362     0.11270     3.19694   137.09110    15.58990    85.18120
  109500.0027     1.52374     0.11250     3.19546   136.59810    16.61940   144.94890
  109600.0000     1.52361     0.11270     3.19425   136.11160    17.47230   204.90400
  109699.9973     1.52379     0.11250     3.19233   135.62770    18.36200   264.82750
  109799.9945     1.52365     0.11240     3.19110   135.14080    19.32370   324.66170
  109900.0027     1.52367     0.11260     3.18983   134.65780    20.27700    24.51620
  110000.0000     1.52360     0.11250     3.18853   134.16810    21.08030    84.53180
  110099.9973     1.52375     0.11250     3.18744   133.67970    22.03650   144.39210
  110200.0055     1.52367     0.11240     3.18586   133.18670    22.99990   204.23710
  110300.0027     1.52367     0.11250     3.18436   132.69930    23.81820   264.25020
  110400.0000     1.52366     0.11230     3.18266   132.20600    24.81250   324.06480
  110499.9973     1.52366     0.11230     3.18109   131.72570    25.71790    23.98140
  110599.9945     1.52364     0.11250     3.17964   131.23920    26.62730    83.88950
  110700.0027     1.52366     0.11230     3.17820   130.74720    27.50540   143.83730
  110800.0000     1.52376     0.11230     3.17678   130.26080    28.45110   203.69920
  110899.9973     1.52359     0.11230     3.17534   129.76770    29.38700   263.59530
  111000.0055     1.52371     0.11230     3.17392   129.27650    30.21540   323.58460
  111100.0027     1.52363     0.11210     3.17213   128.78390    31.20010    23.41870
  111200.0000     1.52376     0.11220     3.17040   128.29460    32.10850    83.32420
  111299.9973     1.52361     0.11220     3.16884   127.81030    33.01930   143.22160
  111399.9945     1.52374     0.11200     3.16715   127.32100    33.89410   203.16000
  111500.0027     1.52363     0.11210     3.16575   126.83110    34.86090   262.99420
  111600.0000     1.52372     0.11210     3.16446   126.33730    35.75100   322.92510
  111699.9973     1.52361     0.11200     3.16299   125.84660    36.57770    22.90570
  111800.0055     1.52375     0.11190     3.16112   125.34960    37.59700    82.70480
  111900.0027     1.52363     0.11200     3.15967   124.85750    38.47960   142.62130
  112000.0000     1.52369     0.11190     3.15767   124.37430    39.38130   202.54390
  112099.9973     1.52374     0.11180     3.15609   123.87970    40.27620   262.45570
  112199.9945     1.52363     0.11190     3.15470   123.38850    41.26750   322.27970
