          9
   2.9591220828559099E-004
 0. 0. 0.
 0. 0. 0.
0.491254745145E-10
0.342956467926E+00 0.458108528431E-01 -.182537383164E-01
-.923787372002E-02 0.291201681356E-01 0.321367053941E-02
0.724345248616E-09
0.857243559963E-01 0.714801194372E+00 0.128901557238E-01
-.201758377509E-01 0.230430094357E-02 0.680316052160E-03
0.899701138501E-09
0.953026613162E+00 -.329511743409E+00 0.225384685251E-01
0.533536742189E-02 0.161958678063E-01 0.271225627064E-03
0.954953510578E-10
-.129190367644E+01 0.104235362679E+01 0.278237787706E-01
-.826214986423E-02 -.969060227763E-02 -.296946036862E-03
0.282534590952E-06
-.475279331622E+01 -.266077124034E+01 -.297202383008E-01
0.359955237783E-02 -.623387632929E-02 -.988449070590E-05
0.845971518568E-07
-.588216974654E+00 -.100438605225E+02 0.101165386246E+00
0.527169992617E-02 -.345357660247E-03 -.671848952329E-04
0.129202491678E-07
0.179316072651E+02 0.865798549476E+01 0.343841583360E+00
-.173537155401E-02 0.335231438793E-02 0.161340628722E-04
0.152435890081E-07
0.285752834130E+02 -.895696693370E+01 0.208755010724E+00
0.924078149770E-03 0.300899735551E-02 -.346169958483E-04
