          50
-6.7979021385600003E-01  2.8418668777699998E+00  6.4087478242800006E-02
-8.8035181908399998E-03 -1.6420523542200001E-03  7.9971932832200004E-05
           0           0           0           0           0           0
           0           0           0           0           0           0
           0
 0.0000000000000000E+00  0.0000000000000000E+00  0.0000000000000000E+00  0.0000000000000000E+00
 0.0000000000000000E+00  0.0000000000000000E+00  0.0000000000000000E+00  0.0000000000000000E+00
 0.0000000000000000E+00  0.0000000000000000E+00  0.0000000000000000E+00  0.0000000000000000E+00
 0.0000000000000000E+00
-1.8132419971100000E+00  1.8401520373100000E+00 -2.2635555990500000E-01
-7.8889256945500006E-03 -6.5908410816600000E-03 -3.9065191297000000E-04
           0           0           0           0           0           0
           0           0           0           0           0           0
           0
 0.0000000000000000E+00  0.0000000000000000E+00  0.0000000000000000E+00  0.0000000000000000E+00
 0.0000000000000000E+00  0.0000000000000000E+00  0.0000000000000000E+00  0.0000000000000000E+00
 0.0000000000000000E+00  0.0000000000000000E+00  0.0000000000000000E+00  0.0000000000000000E+00
 0.0000000000000000E+00
-1.3845535412400001E+00  2.4491225209500000E+00  6.4347433135999998E-02
-8.7124145821600007E-03 -3.4562825795300001E-03  1.2081135202100000E-04
           0           0           0           0           0           0
           0           0           0           0           0           0
           0
 0.0000000000000000E+00  0.0000000000000000E+00  0.0000000000000000E+00  0.0000000000000000E+00
 0.0000000000000000E+00  0.0000000000000000E+00  0.0000000000000000E+00  0.0000000000000000E+00
 0.0000000000000000E+00  0.0000000000000000E+00  0.0000000000000000E+00  0.0000000000000000E+00
 0.0000000000000000E+00
-1.2969820198999999E+00  1.9633490089400001E+00  2.3922970681799999E-01
-9.0582324693700006E-03 -6.7090098225300000E-03 -7.6343927838600000E-04
           0           0           0           0           0           0
           0           0           0           0           0           0
           0
 0.0000000000000000E+00  0.0000000000000000E+00  0.0000000000000000E+00  0.0000000000000000E+00
 0.0000000000000000E+00  0.0000000000000000E+00  0.0000000000000000E+00  0.0000000000000000E+00
 0.0000000000000000E+00  0.0000000000000000E+00  0.0000000000000000E+00  0.0000000000000000E+00
 0.0000000000000000E+00
-1.4101930289600000E+00  1.7458979049600001E+00 -2.8337749344399998E-01
-8.9667948817600002E-03 -7.6561054916500001E-03 -4.5265964509499999E-04
           0           0           0           0           0           0
           0           0           0           0           0           0
           0
 0.0000000000000000E+00  0.0000000000000000E+00  0.0000000000000000E+00  0.0000000000000000E+00
 0.0000000000000000E+00  0.0000000000000000E+00  0.0000000000000000E+00  0.0000000000000000E+00
 0.0000000000000000E+00  0.0000000000000000E+00  0.0000000000000000E+00  0.0000000000000000E+00
 0.0000000000000000E+00
-9.5183016457199998E-01  2.3621705104699999E+00 -1.4391468151300000E-02
-9.3532688324900002E-03 -4.6684172931500002E-03  8.2154134546400003E-04
           0           0           0           0           0           0
           0           0           0           0           0           0
           0
 0.0000000000000000E+00  0.0000000000000000E+00  0.0000000000000000E+00  0.0000000000000000E+00
 0.0000000000000000E+00  0.0000000000000000E+00  0.0000000000000000E+00  0.0000000000000000E+00
 0.0000000000000000E+00  0.0000000000000000E+00  0.0000000000000000E+00  0.0000000000000000E+00
 0.0000000000000000E+00
-9.6221317783700000E-01  1.9839259389899999E+00  1.7192431023300001E-01
-1.1227831204399999E-02 -4.2426204263100002E-03 -1.1428930451200000E-03
           0           0           0           0           0           0
           0           0           0           0           0           0
           0
 0.0000000000000000E+00  0.0000000000000000E+00  0.0000000000000000E+00  0.0000000000000000E+00
 0.0000000000000000E+00  0.0000000000000000E+00  0.0000000000000000E+00  0.0000000000000000E+00
 0.0000000000000000E+00  0.0000000000000000E+00  0.0000000000000000E+00  0.0000000000000000E+00
 0.0000000000000000E+00
-8.7971334428799997E-01  1.7888437585900001E+00  5.2640450589100005E-04
-1.1836387589900001E-02 -5.8740509640599998E-03  8.8855539243899996E-06
           0           0           0           0           0           0
           0           0           0           0           0           0
           0
 0.0000000000000000E+00  0.0000000000000000E+00  0.0000000000000000E+00  0.0000000000000000E+00
 0.0000000000000000E+00  0.0000000000000000E+00  0.0000000000000000E+00  0.0000000000000000E+00
 0.0000000000000000E+00  0.0000000000000000E+00  0.0000000000000000E+00  0.0000000000000000E+00
 0.0000000000000000E+00
-1.5437699981499999E+00  1.3236268649700000E+00  1.1196204469400001E-01
-8.7691864570599992E-03 -9.5550792115000008E-03  2.8102940099099998E-04
           0           0           0           0           0           0
           0           0           0           0           0           0
           0
 0.0000000000000000E+00  0.0000000000000000E+00  0.0000000000000000E+00  0.0000000000000000E+00
 0.0000000000000000E+00  0.0000000000000000E+00  0.0000000000000000E+00  0.0000000000000000E+00
 0.0000000000000000E+00  0.0000000000000000E+00  0.0000000000000000E+00  0.0000000000000000E+00
 0.0000000000000000E+00
-1.6325495455600001E+00  1.4741705574799999E+00 -2.3296017916699999E-01
-7.3174047711600000E-03 -9.5805983501500002E-03  4.6281204235999999E-05
           0           0           0           0           0           0
           0           0           0           0           0           0
           0
 0.0000000000000000E+00  0.0000000000000000E+00  0.0000000000000000E+00  0.0000000000000000E+00
 0.0000000000000000E+00  0.0000000000000000E+00  0.0000000000000000E+00  0.0000000000000000E+00
 0.0000000000000000E+00  0.0000000000000000E+00  0.0000000000000000E+00  0.0000000000000000E+00
 0.0000000000000000E+00
 2.3706100249800000E+00  1.3422191931800000E+00  1.7762645968700000E-01
-5.1530522669600001E-03  8.2369328642300007E-03 -2.1005026689399999E-04
           0           0           0           0           0           0
           0           0           0           0           0           0
           0
 0.0000000000000000E+00  0.0000000000000000E+00  0.0000000000000000E+00  0.0000000000000000E+00
 0.0000000000000000E+00  0.0000000000000000E+00  0.0000000000000000E+00  0.0000000000000000E+00
 0.0000000000000000E+00  0.0000000000000000E+00  0.0000000000000000E+00  0.0000000000000000E+00
 0.0000000000000000E+00
 6.6320218337600001E-01  2.7422737489300002E+00 -1.0529384325900000E-01
-8.9464086771099995E-03  2.6840593622000000E-03  2.1331200465800001E-04
           0           0           0           0           0           0
           0           0           0           0           0           0
           0
 0.0000000000000000E+00  0.0000000000000000E+00  0.0000000000000000E+00  0.0000000000000000E+00
 0.0000000000000000E+00  0.0000000000000000E+00  0.0000000000000000E+00  0.0000000000000000E+00
 0.0000000000000000E+00  0.0000000000000000E+00  0.0000000000000000E+00  0.0000000000000000E+00
 0.0000000000000000E+00
 1.1273317453300000E-01  2.8719189204700002E+00  5.4426119416999999E-02
-9.1270997164499997E-03  3.5676728040900002E-04  4.0001068315999999E-04
           0           0           0           0           0           0
           0           0           0           0           0           0
           0
 0.0000000000000000E+00  0.0000000000000000E+00  0.0000000000000000E+00  0.0000000000000000E+00
 0.0000000000000000E+00  0.0000000000000000E+00  0.0000000000000000E+00  0.0000000000000000E+00
 0.0000000000000000E+00  0.0000000000000000E+00  0.0000000000000000E+00  0.0000000000000000E+00
 0.0000000000000000E+00
 1.2563399491600000E+00  2.1567709581800001E+00 -2.1410006278800001E-01
-9.5340076348799999E-03  4.7773528640699999E-03  2.1186316963600000E-04
           0           0           0           0           0           0
           0           0           0           0           0           0
           0
 0.0000000000000000E+00  0.0000000000000000E+00  0.0000000000000000E+00  0.0000000000000000E+00
 0.0000000000000000E+00  0.0000000000000000E+00  0.0000000000000000E+00  0.0000000000000000E+00
 0.0000000000000000E+00  0.0000000000000000E+00  0.0000000000000000E+00  0.0000000000000000E+00
 0.0000000000000000E+00
 4.4986251554300000E-01  2.6201712266800001E+00 -1.0988943111000000E-01
-9.8882123906500006E-03  1.1577052410199999E-03 -9.7659801044599993E-04
           0           0           0           0           0           0
           0           0           0           0           0           0
           0
 0.0000000000000000E+00  0.0000000000000000E+00  0.0000000000000000E+00  0.0000000000000000E+00
 0.0000000000000000E+00  0.0000000000000000E+00  0.0000000000000000E+00  0.0000000000000000E+00
 0.0000000000000000E+00  0.0000000000000000E+00  0.0000000000000000E+00  0.0000000000000000E+00
 0.0000000000000000E+00
 4.9534469980000001E-01  2.6657428247400001E+00  1.1415828746999999E-01
-9.4871031007599995E-03  1.5046846563000001E-03 -1.8621264454100001E-03
           0           0           0           0           0           0
           0           0           0           0           0           0
           0
 0.0000000000000000E+00  0.0000000000000000E+00  0.0000000000000000E+00  0.0000000000000000E+00
 0.0000000000000000E+00  0.0000000000000000E+00  0.0000000000000000E+00  0.0000000000000000E+00
 0.0000000000000000E+00  0.0000000000000000E+00  0.0000000000000000E+00  0.0000000000000000E+00
 0.0000000000000000E+00
-1.2634791105000001E+00  2.8244310675199999E+00 -5.0751041966199995E-01
-7.4728924698000002E-03 -2.7161691521399999E-03  1.8027772726299999E-03
           0           0           0           0           0           0
           0           0           0           0           0           0
           0
 0.0000000000000000E+00  0.0000000000000000E+00  0.0000000000000000E+00  0.0000000000000000E+00
 0.0000000000000000E+00  0.0000000000000000E+00  0.0000000000000000E+00  0.0000000000000000E+00
 0.0000000000000000E+00  0.0000000000000000E+00  0.0000000000000000E+00  0.0000000000000000E+00
 0.0000000000000000E+00
-1.3478187293499999E-01  2.7743236601999999E+00 -2.7775132694700000E-01
-9.4109658072699994E-03 -1.0155349626100000E-03  4.6357435874999999E-04
           0           0           0           0           0           0
           0           0           0           0           0           0
           0
 0.0000000000000000E+00  0.0000000000000000E+00  0.0000000000000000E+00  0.0000000000000000E+00
 0.0000000000000000E+00  0.0000000000000000E+00  0.0000000000000000E+00  0.0000000000000000E+00
 0.0000000000000000E+00  0.0000000000000000E+00  0.0000000000000000E+00  0.0000000000000000E+00
 0.0000000000000000E+00
-1.4911322585000000E+00  1.9792956625300000E+00  4.7382390101499999E-02
-9.3881508953700000E-03 -5.2354000813800003E-03  1.0126179974900000E-03
           0           0           0           0           0           0
           0           0           0           0           0           0
           0
 0.0000000000000000E+00  0.0000000000000000E+00  0.0000000000000000E+00  0.0000000000000000E+00
 0.0000000000000000E+00  0.0000000000000000E+00  0.0000000000000000E+00  0.0000000000000000E+00
 0.0000000000000000E+00  0.0000000000000000E+00  0.0000000000000000E+00  0.0000000000000000E+00
 0.0000000000000000E+00
-1.4872301009000000E+00  2.1056770620099998E+00  8.6657879368800001E-03
-8.9586599938199993E-03 -5.1412581469300004E-03  6.1513611423599996E-04
           0           0           0           0           0           0
           0           0           0           0           0           0
           0
 0.0000000000000000E+00  0.0000000000000000E+00  0.0000000000000000E+00  0.0000000000000000E+00
 0.0000000000000000E+00  0.0000000000000000E+00  0.0000000000000000E+00  0.0000000000000000E+00
 0.0000000000000000E+00  0.0000000000000000E+00  0.0000000000000000E+00  0.0000000000000000E+00
 0.0000000000000000E+00
-1.5475971024499999E+00  1.8147443921599999E+00  5.8348616240700001E-02
-1.0044945828900000E-02 -4.8951646490400002E-03 -8.7959728870700001E-04
           0           0           0           0           0           0
           0           0           0           0           0           0
           0
 0.0000000000000000E+00  0.0000000000000000E+00  0.0000000000000000E+00  0.0000000000000000E+00
 0.0000000000000000E+00  0.0000000000000000E+00  0.0000000000000000E+00  0.0000000000000000E+00
 0.0000000000000000E+00  0.0000000000000000E+00  0.0000000000000000E+00  0.0000000000000000E+00
 0.0000000000000000E+00
-2.0761724103299999E+00  1.4603502393600001E+00  6.0832642968199999E-02
-7.4466998942300001E-03 -7.4216022722600004E-03 -2.4799093607300000E-04
           0           0           0           0           0           0
           0           0           0           0           0           0
           0
 0.0000000000000000E+00  0.0000000000000000E+00  0.0000000000000000E+00  0.0000000000000000E+00
 0.0000000000000000E+00  0.0000000000000000E+00  0.0000000000000000E+00  0.0000000000000000E+00
 0.0000000000000000E+00  0.0000000000000000E+00  0.0000000000000000E+00  0.0000000000000000E+00
 0.0000000000000000E+00
-2.1779780388000001E+00  1.2488390858300000E+00 -8.8463668867700008E-03
-6.8387794192400000E-03 -8.1605955349000007E-03  3.4958975960700000E-04
           0           0           0           0           0           0
           0           0           0           0           0           0
           0
 0.0000000000000000E+00  0.0000000000000000E+00  0.0000000000000000E+00  0.0000000000000000E+00
 0.0000000000000000E+00  0.0000000000000000E+00  0.0000000000000000E+00  0.0000000000000000E+00
 0.0000000000000000E+00  0.0000000000000000E+00  0.0000000000000000E+00  0.0000000000000000E+00
 0.0000000000000000E+00
-1.9220138797899999E+00  1.4091813877499999E+00  1.8753385395500000E-01
-8.0636641259899996E-03 -7.6859628566100001E-03  1.0668944953300000E-03
           0           0           0           0           0           0
           0           0           0           0           0           0
           0
 0.0000000000000000E+00  0.0000000000000000E+00  0.0000000000000000E+00  0.0000000000000000E+00
 0.0000000000000000E+00  0.0000000000000000E+00  0.0000000000000000E+00  0.0000000000000000E+00
 0.0000000000000000E+00  0.0000000000000000E+00  0.0000000000000000E+00  0.0000000000000000E+00
 0.0000000000000000E+00
-2.1577436457500001E+00  7.6876993042000005E-02  1.2092264722800001E-02
 3.5003951321299998E-05 -1.2307000705900000E-02 -3.6074576992399998E-04
           0           0           0           0           0           0
           0           0           0           0           0           0
           0
 0.0000000000000000E+00  0.0000000000000000E+00  0.0000000000000000E+00  0.0000000000000000E+00
 0.0000000000000000E+00  0.0000000000000000E+00  0.0000000000000000E+00  0.0000000000000000E+00
 0.0000000000000000E+00  0.0000000000000000E+00  0.0000000000000000E+00  0.0000000000000000E+00
 0.0000000000000000E+00
-2.8115519723600002E+00  2.9658322678200000E-01 -5.2702175925800003E-02
-2.5290440693700000E-03 -8.9765999912200002E-03  2.0172897622200000E-04
           0           0           0           0           0           0
           0           0           0           0           0           0
           0
 0.0000000000000000E+00  0.0000000000000000E+00  0.0000000000000000E+00  0.0000000000000000E+00
 0.0000000000000000E+00  0.0000000000000000E+00  0.0000000000000000E+00  0.0000000000000000E+00
 0.0000000000000000E+00  0.0000000000000000E+00  0.0000000000000000E+00  0.0000000000000000E+00
 0.0000000000000000E+00
-2.5524625801499998E+00  1.7955455318700000E-01  1.7055124058599999E-01
-2.4177493977900000E-03 -1.0116976929700001E-02 -3.3128833929899998E-04
           0           0           0           0           0           0
           0           0           0           0           0           0
           0
 0.0000000000000000E+00  0.0000000000000000E+00  0.0000000000000000E+00  0.0000000000000000E+00
 0.0000000000000000E+00  0.0000000000000000E+00  0.0000000000000000E+00  0.0000000000000000E+00
 0.0000000000000000E+00  0.0000000000000000E+00  0.0000000000000000E+00  0.0000000000000000E+00
 0.0000000000000000E+00
-2.4130599072500001E+00 -6.5777575481299999E-01  5.8235558848000003E-02
 8.4662895424300003E-04 -1.0646654849300000E-02 -3.9869258495499999E-04
           0           0           0           0           0           0
           0           0           0           0           0           0
           0
 0.0000000000000000E+00  0.0000000000000000E+00  0.0000000000000000E+00  0.0000000000000000E+00
 0.0000000000000000E+00  0.0000000000000000E+00  0.0000000000000000E+00  0.0000000000000000E+00
 0.0000000000000000E+00  0.0000000000000000E+00  0.0000000000000000E+00  0.0000000000000000E+00
 0.0000000000000000E+00
-2.6586322506400002E+00  4.4822258746700000E-01  4.2856555110199999E-02
-2.6918659229100000E-03 -9.4196953381300002E-03 -1.1732175572200000E-03
           0           0           0           0           0           0
           0           0           0           0           0           0
           0
 0.0000000000000000E+00  0.0000000000000000E+00  0.0000000000000000E+00  0.0000000000000000E+00
 0.0000000000000000E+00  0.0000000000000000E+00  0.0000000000000000E+00  0.0000000000000000E+00
 0.0000000000000000E+00  0.0000000000000000E+00  0.0000000000000000E+00  0.0000000000000000E+00
 0.0000000000000000E+00
-2.7191503774800001E+00 -1.4820070153900000E-01  1.5301987665999999E-02
-1.0878839614900000E-03 -9.6915252622799992E-03 -4.4665130947099997E-06
           0           0           0           0           0           0
           0           0           0           0           0           0
           0
 0.0000000000000000E+00  0.0000000000000000E+00  0.0000000000000000E+00  0.0000000000000000E+00
 0.0000000000000000E+00  0.0000000000000000E+00  0.0000000000000000E+00  0.0000000000000000E+00
 0.0000000000000000E+00  0.0000000000000000E+00  0.0000000000000000E+00  0.0000000000000000E+00
 0.0000000000000000E+00
-2.1564702174299999E+00 -1.7293281071300001E-01  2.9184837792900001E-02
 1.5989430144199999E-03 -1.2137718958400000E-02 -1.1531088140799999E-03
           0           0           0           0           0           0
           0           0           0           0           0           0
           0
 0.0000000000000000E+00  0.0000000000000000E+00  0.0000000000000000E+00  0.0000000000000000E+00
 0.0000000000000000E+00  0.0000000000000000E+00  0.0000000000000000E+00  0.0000000000000000E+00
 0.0000000000000000E+00  0.0000000000000000E+00  0.0000000000000000E+00  0.0000000000000000E+00
 0.0000000000000000E+00
-2.2624142806399998E+00  9.6556896419000005E-01  5.1237504735600001E-03
-6.0490420332500001E-03 -9.0014472030499997E-03 -7.1716315416899999E-04
           0           0           0           0           0           0
           0           0           0           0           0           0
           0
 0.0000000000000000E+00  0.0000000000000000E+00  0.0000000000000000E+00  0.0000000000000000E+00
 0.0000000000000000E+00  0.0000000000000000E+00  0.0000000000000000E+00  0.0000000000000000E+00
 0.0000000000000000E+00  0.0000000000000000E+00  0.0000000000000000E+00  0.0000000000000000E+00
 0.0000000000000000E+00
-1.8088633564000001E+00  2.1360633289200002E+00  3.6640321688700003E-02
-7.8602987090599999E-03 -5.2055356667200002E-03 -3.6713939041999998E-04
           0           0           0           0           0           0
           0           0           0           0           0           0
           0
 0.0000000000000000E+00  0.0000000000000000E+00  0.0000000000000000E+00  0.0000000000000000E+00
 0.0000000000000000E+00  0.0000000000000000E+00  0.0000000000000000E+00  0.0000000000000000E+00
 0.0000000000000000E+00  0.0000000000000000E+00  0.0000000000000000E+00  0.0000000000000000E+00
 0.0000000000000000E+00
-2.3645824099000001E+00  1.3495847761399999E+00 -3.1302591196599998E-02
-6.3413524868500002E-03 -7.4002884437099998E-03  1.1982286365400001E-04
           0           0           0           0           0           0
           0           0           0           0           0           0
           0
 0.0000000000000000E+00  0.0000000000000000E+00  0.0000000000000000E+00  0.0000000000000000E+00
 0.0000000000000000E+00  0.0000000000000000E+00  0.0000000000000000E+00  0.0000000000000000E+00
 0.0000000000000000E+00  0.0000000000000000E+00  0.0000000000000000E+00  0.0000000000000000E+00
 0.0000000000000000E+00
-1.5295773849200001E+00  2.3622907400700002E+00  9.5006084313099995E-02
-8.3665610082200009E-03 -4.2253784420199997E-03 -9.2501825416299994E-05
           0           0           0           0           0           0
           0           0           0           0           0           0
           0
 0.0000000000000000E+00  0.0000000000000000E+00  0.0000000000000000E+00  0.0000000000000000E+00
 0.0000000000000000E+00  0.0000000000000000E+00  0.0000000000000000E+00  0.0000000000000000E+00
 0.0000000000000000E+00  0.0000000000000000E+00  0.0000000000000000E+00  0.0000000000000000E+00
 0.0000000000000000E+00
-1.3352443009599999E+00  2.4803873755999999E+00  1.0514249147200000E-01
-8.4151027262199998E-03 -4.0778317134599999E-03 -1.9479961588300001E-04
           0           0           0           0           0           0
           0           0           0           0           0           0
           0
 0.0000000000000000E+00  0.0000000000000000E+00  0.0000000000000000E+00  0.0000000000000000E+00
 0.0000000000000000E+00  0.0000000000000000E+00  0.0000000000000000E+00  0.0000000000000000E+00
 0.0000000000000000E+00  0.0000000000000000E+00  0.0000000000000000E+00  0.0000000000000000E+00
 0.0000000000000000E+00
-1.7466741509299999E+00  2.1561103318899999E+00  7.7971850740500004E-01
-7.6142512890999998E-03 -4.9685084186300004E-03  3.4478478574600000E-04
           0           0           0           0           0           0
           0           0           0           0           0           0
           0
 0.0000000000000000E+00  0.0000000000000000E+00  0.0000000000000000E+00  0.0000000000000000E+00
 0.0000000000000000E+00  0.0000000000000000E+00  0.0000000000000000E+00  0.0000000000000000E+00
 0.0000000000000000E+00  0.0000000000000000E+00  0.0000000000000000E+00  0.0000000000000000E+00
 0.0000000000000000E+00
-2.5038893262699999E+00  9.1971936222999995E-01 -9.9092936080800009E-03
-5.4436686797200004E-03 -8.3541662096000002E-03 -2.9867167043900003E-04
           0           0           0           0           0           0
           0           0           0           0           0           0
           0
 0.0000000000000000E+00  0.0000000000000000E+00  0.0000000000000000E+00  0.0000000000000000E+00
 0.0000000000000000E+00  0.0000000000000000E+00  0.0000000000000000E+00  0.0000000000000000E+00
 0.0000000000000000E+00  0.0000000000000000E+00  0.0000000000000000E+00  0.0000000000000000E+00
 0.0000000000000000E+00
-2.5721426671400001E+00  8.7533671947100000E-01 -1.1136192422200000E-01
-4.7235386216499999E-03 -8.5021134389600007E-03 -8.0995271343900000E-04
           0           0           0           0           0           0
           0           0           0           0           0           0
           0
 0.0000000000000000E+00  0.0000000000000000E+00  0.0000000000000000E+00  0.0000000000000000E+00
 0.0000000000000000E+00  0.0000000000000000E+00  0.0000000000000000E+00  0.0000000000000000E+00
 0.0000000000000000E+00  0.0000000000000000E+00  0.0000000000000000E+00  0.0000000000000000E+00
 0.0000000000000000E+00
-1.1963364969000001E+00  2.7002330769100000E+00 -6.7536987409300003E-02
-8.2856469852800006E-03 -2.9857340160300001E-03 -5.6826671639300004E-04
           0           0           0           0           0           0
           0           0           0           0           0           0
           0
 0.0000000000000000E+00  0.0000000000000000E+00  0.0000000000000000E+00  0.0000000000000000E+00
 0.0000000000000000E+00  0.0000000000000000E+00  0.0000000000000000E+00  0.0000000000000000E+00
 0.0000000000000000E+00  0.0000000000000000E+00  0.0000000000000000E+00  0.0000000000000000E+00
 0.0000000000000000E+00
-1.7758014043399999E+00  1.1581487275900000E+00  1.5821297807500001E-01
-6.9137994948100003E-03 -1.0394340869200000E-02 -7.7118442260499994E-05
           0           0           0           0           0           0
           0           0           0           0           0           0
           0
 0.0000000000000000E+00  0.0000000000000000E+00  0.0000000000000000E+00  0.0000000000000000E+00
 0.0000000000000000E+00  0.0000000000000000E+00  0.0000000000000000E+00  0.0000000000000000E+00
 0.0000000000000000E+00  0.0000000000000000E+00  0.0000000000000000E+00  0.0000000000000000E+00
 0.0000000000000000E+00
-2.1012361652200000E+00  4.4066078462000002E-01 -9.8261643789900002E-02
-3.1866013680799999E-03 -1.1921492865600000E-02  7.6725262126099995E-04
           0           0           0           0           0           0
           0           0           0           0           0           0
           0
 0.0000000000000000E+00  0.0000000000000000E+00  0.0000000000000000E+00  0.0000000000000000E+00
 0.0000000000000000E+00  0.0000000000000000E+00  0.0000000000000000E+00  0.0000000000000000E+00
 0.0000000000000000E+00  0.0000000000000000E+00  0.0000000000000000E+00  0.0000000000000000E+00
 0.0000000000000000E+00
-2.1638356732999999E+00 -3.9910578873600000E-01  1.3393335091700001E-01
 1.8814280031500001E-03 -1.1928881202300000E-02  4.0423786428699999E-04
           0           0           0           0           0           0
           0           0           0           0           0           0
           0
 0.0000000000000000E+00  0.0000000000000000E+00  0.0000000000000000E+00  0.0000000000000000E+00
 0.0000000000000000E+00  0.0000000000000000E+00  0.0000000000000000E+00  0.0000000000000000E+00
 0.0000000000000000E+00  0.0000000000000000E+00  0.0000000000000000E+00  0.0000000000000000E+00
 0.0000000000000000E+00
-5.0960376241200001E-01  2.6720423741300001E+00  1.0181360134900000E-01
-9.6393898998399993E-03 -1.3255583040800000E-03  6.5128102345000005E-04
           0           0           0           0           0           0
           0           0           0           0           0           0
           0
 0.0000000000000000E+00  0.0000000000000000E+00  0.0000000000000000E+00  0.0000000000000000E+00
 0.0000000000000000E+00  0.0000000000000000E+00  0.0000000000000000E+00  0.0000000000000000E+00
 0.0000000000000000E+00  0.0000000000000000E+00  0.0000000000000000E+00  0.0000000000000000E+00
 0.0000000000000000E+00
-1.5387685648700000E+00  2.3041627654600001E+00  2.3363349806799999E-01
-7.1662568270900000E-03 -6.2437750673099996E-03  3.1868159752700001E-04
           0           0           0           0           0           0
           0           0           0           0           0           0
           0
 0.0000000000000000E+00  0.0000000000000000E+00  0.0000000000000000E+00  0.0000000000000000E+00
 0.0000000000000000E+00  0.0000000000000000E+00  0.0000000000000000E+00  0.0000000000000000E+00
 0.0000000000000000E+00  0.0000000000000000E+00  0.0000000000000000E+00  0.0000000000000000E+00
 0.0000000000000000E+00
-2.6975438439400001E+00  3.3787802086600000E-01  1.9317817443999999E-01
-1.2636996218500000E-03 -9.6448219984900004E-03  1.8706369730200000E-04
           0           0           0           0           0           0
           0           0           0           0           0           0
           0
 0.0000000000000000E+00  0.0000000000000000E+00  0.0000000000000000E+00  0.0000000000000000E+00
 0.0000000000000000E+00  0.0000000000000000E+00  0.0000000000000000E+00  0.0000000000000000E+00
 0.0000000000000000E+00  0.0000000000000000E+00  0.0000000000000000E+00  0.0000000000000000E+00
 0.0000000000000000E+00
-2.8070623315800001E+00  4.0996691419999998E-01  1.5300840943800000E-02
-2.3861390682500001E-03 -8.9640589253899994E-03 -5.1995486485299997E-04
           0           0           0           0           0           0
           0           0           0           0           0           0
           0
 0.0000000000000000E+00  0.0000000000000000E+00  0.0000000000000000E+00  0.0000000000000000E+00
 0.0000000000000000E+00  0.0000000000000000E+00  0.0000000000000000E+00  0.0000000000000000E+00
 0.0000000000000000E+00  0.0000000000000000E+00  0.0000000000000000E+00  0.0000000000000000E+00
 0.0000000000000000E+00
-2.7313243968699998E+00  1.2724922383099999E+00 -1.2500613855100001E-01
-3.8641777806499998E-03 -7.6545672795600003E-03 -4.6640919018500000E-04
           0           0           0           0           0           0
           0           0           0           0           0           0
           0
 0.0000000000000000E+00  0.0000000000000000E+00  0.0000000000000000E+00  0.0000000000000000E+00
 0.0000000000000000E+00  0.0000000000000000E+00  0.0000000000000000E+00  0.0000000000000000E+00
 0.0000000000000000E+00  0.0000000000000000E+00  0.0000000000000000E+00  0.0000000000000000E+00
 0.0000000000000000E+00
-2.4464586856400001E+00 -9.2394654097800000E-01 -2.8338895719900000E-02
 2.2231918429099998E-03 -9.9532669683600004E-03 -3.1189519844600000E-04
           0           0           0           0           0           0
           0           0           0           0           0           0
           0
 0.0000000000000000E+00  0.0000000000000000E+00  0.0000000000000000E+00  0.0000000000000000E+00
 0.0000000000000000E+00  0.0000000000000000E+00  0.0000000000000000E+00  0.0000000000000000E+00
 0.0000000000000000E+00  0.0000000000000000E+00  0.0000000000000000E+00  0.0000000000000000E+00
 0.0000000000000000E+00
-2.8519688468100002E+00  8.6900588217299998E-02  6.0055719440000002E-02
-5.4163579768000002E-04 -9.1941013404999994E-03 -3.5878767713600000E-04
           0           0           0           0           0           0
           0           0           0           0           0           0
           0
 0.0000000000000000E+00  0.0000000000000000E+00  0.0000000000000000E+00  0.0000000000000000E+00
 0.0000000000000000E+00  0.0000000000000000E+00  0.0000000000000000E+00  0.0000000000000000E+00
 0.0000000000000000E+00  0.0000000000000000E+00  0.0000000000000000E+00  0.0000000000000000E+00
 0.0000000000000000E+00
